DigitalOcean/CTDs/sta0321.cnv
* Sea-Bird SBE 9 Data File:
* FileName = C:\Seabird\CTDData\sta0321.hex
* Software Version Seasave V 7.21f
* Temperature SN = 4385
* Conductivity SN = 2140
* Number of Bytes Per Scan = 34
* Number of Voltage Words = 3
* Number of Scans Averaged by the Deck Unit = 1
* NMEA Latitude = 67 07.93 N
* NMEA Longitude = 014 17.17 E
* NMEA UTC (Time) = Dec 01 2017 18:37:56
* NMEA baud rate = 4800
** Ship: 10 F/F "G. O. Sars"
** Station: 0321
** Echodepth: 387
** Log: 2486.7
** Wind-Dir Force: 22 24
** Air-temp (dry): 5.3
** Weather Sky: 2 6
** Sea Ice: 2 0
# nquan = 17                                
# nvalues = 371                         
# units = specified
# name 0 = scan: Scan Count
# name 1 = prDM: Pressure, Digiquartz [db]
# name 2 = t068C: Temperature [ITS-68, deg C]
# name 3 = t168C: Temperature, 2 [ITS-68, deg C]
# name 4 = c0S/m: Conductivity [S/m]
# name 5 = c1S/m: Conductivity, 2 [S/m]
# name 6 = sbeox0V: Oxygen raw, SBE 43 [V]
# name 7 = altM: Altimeter [m]
# name 8 = flC: Fluorescence, Chelsea Aqua 3 Chl Con [ug/l]
# name 9 = par: PAR/Irradiance, Biospherical/Licor
# name 10 = sbeox0ML/L: Oxygen, SBE 43 [ml/l], WS = 2
# name 11 = sal00: Salinity, Practical [PSU]
# name 12 = sal11: Salinity, Practical, 2 [PSU]
# name 13 = sigma-t00: Density [sigma-t, Kg/m^3 ]
# name 14 = svCM: Sound Velocity [Chen-Millero, m/s]
# name 15 = avgsvCM: Average Sound Velocity [Chen-Millero, m/s], minP = 1, minS = 5
# name 16 = flag: flag
# span 0 =       3014,      29473       
# span 1 =      5.000,    375.000       
# span 2 =     7.0589,     9.7502       
# span 3 =     7.0625,     9.7527       
# span 4 =   3.494628,   3.657496       
# span 5 =   3.495221,   3.658282       
# span 6 =     2.3254,     2.7211       
# span 7 =      16.24,      98.91       
# span 8 =     0.0224,     0.0439       
# span 9 = 5.1441e-02, 5.1495e-02       
# span 10 =    5.18992,    5.82077      
# span 11 =    32.7788,    34.5277      
# span 12 =    32.7829,    34.5326      
# span 13 =    25.3883,    27.0368      
# span 14 =    1480.83,    1488.70      
# span 15 =    1483.34,    1486.56      
# span 16 = 0.0000e+00, 0.0000e+00      
# interval = decibars: 1                
# start_time = Dec 01 2017 18:37:59 [System UTC, header]
# bad_flag = -9.990e-29
*END*
[from data line 341]
      27391    346.000     7.0711     7.0745   3.507406   3.508156     2.3526      43.67     0.0279 5.1479e-02    5.24492    34.5269    34.5317    27.0364    1484.02    1483.83 0.0000e+00
      27462    347.000     7.0712     7.0746   3.507462   3.508215     2.3504      52.47     0.0289 5.1463e-02    5.24608    34.5269    34.5318    27.0364    1484.03    1483.83 0.0000e+00
      27532    348.000     7.0712     7.0746   3.507517   3.508272     2.3497      50.89     0.0289 5.1474e-02    5.24001    34.5270    34.5319    27.0365    1484.05    1483.83 0.0000e+00
      27602    349.000     7.0713     7.0747   3.507573   3.508325     2.3476      76.78     0.0292 5.1463e-02    5.23224    34.5270    34.5319    27.0365    1484.07    1483.83 0.0000e+00
      27673    350.000     7.0714     7.0748   3.507634   3.508377     2.3461      46.09     0.0282 5.1457e-02    5.23549    34.5271    34.5319    27.0366    1484.09    1483.83 0.0000e+00
      27744    351.000     7.0715     7.0749   3.507690   3.508441     2.3459      45.65     0.0311 5.1467e-02    5.23662    34.5272    34.5320    27.0366    1484.10    1483.83 0.0000e+00
      27815    352.000     7.0715     7.0749   3.507746   3.508499     2.3471      61.84     0.0260 5.1465e-02    5.24300    34.5273    34.5321    27.0367    1484.12    1483.83 0.0000e+00
      27885    353.000     7.0716     7.0750   3.507805   3.508553     2.3467      44.23     0.0249 5.1441e-02    5.23398    34.5273    34.5321    27.0367    1484.14    1483.83 0.0000e+00
      27956    354.000     7.0717     7.0751   3.507858   3.508605     2.3455      35.33     0.0274 5.1465e-02    5.23815    34.5273    34.5321    27.0367    1484.15    1483.84 0.0000e+00
      28026    355.000     7.0718     7.0752   3.507912   3.508661     2.3454      47.58     0.0262 5.1466e-02    5.23066    34.5273    34.5321    27.0367    1484.17    1483.84 0.0000e+00
      28097    356.000     7.0718     7.0752   3.507966   3.508712     2.3417      35.32     0.0295 5.1459e-02    5.21877    34.5274    34.5322    27.0368    1484.19    1483.84 0.0000e+00
      28167    357.000     7.0719     7.0753   3.508019   3.508771     2.3390      34.33     0.0306 5.1470e-02    5.21825    34.5274    34.5323    27.0368    1484.20    1483.84 0.0000e+00
      28238    358.000     7.0720     7.0754   3.508073   3.508825     2.3410      44.71     0.0337 5.1465e-02    5.23342    34.5274    34.5323    27.0368    1484.22    1483.84 0.0000e+00
      28308    359.000     7.0720     7.0755   3.508124   3.508873     2.3406      32.35     0.0278 5.1466e-02    5.21791    34.5275    34.5322    27.0368    1484.24    1483.84 0.0000e+00
      28379    360.000     7.0722     7.0756   3.508178   3.508929     2.3402      31.31     0.0281 5.1459e-02    5.22817    34.5274    34.5322    27.0367    1484.25    1483.84 0.0000e+00
      28450    361.000     7.0723     7.0756   3.508229   3.508984     2.3420      30.37     0.0259 5.1462e-02    5.23509    34.5274    34.5324    27.0367    1484.27    1483.84 0.0000e+00
      28520    362.000     7.0724     7.0757   3.508280   3.509037     2.3406      29.33     0.0268 5.1465e-02    5.22165    34.5274    34.5324    27.0366    1484.29    1483.84 0.0000e+00
      28590    363.000     7.0724     7.0758   3.508337   3.509091     2.3386      28.35     0.0297 5.1464e-02    5.21759    34.5275    34.5324    27.0368    1484.30    1483.85 0.0000e+00
      28661    364.000     7.0725     7.0759   3.508392   3.509144     2.3373      27.25     0.0334 5.1464e-02    5.21813    34.5275    34.5324    27.0368    1484.32    1483.85 0.0000e+00
      28731    365.000     7.0726     7.0760   3.508444   3.509197     2.3369      26.33     0.0285 5.1471e-02    5.21826    34.5275    34.5324    27.0367    1484.34    1483.85 0.0000e+00
      28802    366.000     7.0727     7.0761   3.508503   3.509255     2.3360      25.36     0.0264 5.1469e-02    5.21535    34.5276    34.5324    27.0368    1484.35    1483.85 0.0000e+00
      28872    367.000     7.0728     7.0761   3.508555   3.509310     2.3359      24.37     0.0273 5.1462e-02    5.21474    34.5275    34.5325    27.0367    1484.37    1483.85 0.0000e+00
      28943    368.000     7.0729     7.0762   3.508591   3.509359     2.3339      23.40     0.0293 5.1461e-02    5.20749    34.5274    34.5325    27.0366    1484.39    1483.85 0.0000e+00
      29013    369.000     7.0730     7.0764   3.508668   3.509414     2.3327      22.26     0.0282 5.1479e-02    5.20623    34.5276    34.5324    27.0368    1484.40    1483.85 0.0000e+00
      29081    370.000     7.0731     7.0764   3.508717   3.509470     2.3324      21.37     0.0278 5.1467e-02    5.21180    34.5276    34.5325    27.0367    1484.42    1483.86 0.0000e+00
      29150    371.000     7.0731     7.0765   3.508774   3.509522     2.3337      20.40     0.0271 5.1473e-02    5.21816    34.5277    34.5325    27.0368    1484.44    1483.86 0.0000e+00
      29219    372.000     7.0732     7.0766   3.508825   3.509577     2.3322      19.19     0.0268 5.1482e-02    5.19752    34.5277    34.5325    27.0368    1484.45    1483.86 0.0000e+00
      29290    373.000     7.0733     7.0767   3.508877   3.509633     2.3283      18.37     0.0273 5.1477e-02    5.19735    34.5277    34.5325    27.0368    1484.47    1483.86 0.0000e+00
      29361    374.000     7.0734     7.0767   3.508928   3.509683     2.3271      17.30     0.0323 5.1471e-02    5.18992    34.5276    34.5326    27.0367    1484.49    1483.86 0.0000e+00
      29473    375.000     7.0736     7.0768   3.508996   3.509738     2.3254      16.24     0.0277 5.1453e-02    5.19356    34.5277    34.5326    27.0367    1484.51    1483.86 0.0000e+00
