DigitalOcean/CTDs/sta0322.cnv
* Sea-Bird SBE 9 Data File:
* FileName = C:\Seabird\CTDData\sta0322.hex
* Software Version Seasave V 7.21f
* Temperature SN = 4385
* Conductivity SN = 2140
* Number of Bytes Per Scan = 34
* Number of Voltage Words = 3
* Number of Scans Averaged by the Deck Unit = 1
* NMEA Latitude = 67 07.91 N
* NMEA Longitude = 014 17.13 E
* NMEA UTC (Time) = Dec 01 2017 21:24:26
* NMEA baud rate = 4800
** Ship: 10 F/F "G. O. Sars"
** Station: 0322
** Echodepth: 389
** Log: 2491.53
** Wind-Dir Force: 19 12
** Air-temp (dry): 4.0
** Weather Sky: 2 6
** Sea Ice: 2 0
# nquan = 17                                
# nvalues = 371                         
# units = specified
# name 0 = scan: Scan Count
# name 1 = prDM: Pressure, Digiquartz [db]
# name 2 = t068C: Temperature [ITS-68, deg C]
# name 3 = t168C: Temperature, 2 [ITS-68, deg C]
# name 4 = c0S/m: Conductivity [S/m]
# name 5 = c1S/m: Conductivity, 2 [S/m]
# name 6 = sbeox0V: Oxygen raw, SBE 43 [V]
# name 7 = altM: Altimeter [m]
# name 8 = flC: Fluorescence, Chelsea Aqua 3 Chl Con [ug/l]
# name 9 = par: PAR/Irradiance, Biospherical/Licor
# name 10 = sbeox0ML/L: Oxygen, SBE 43 [ml/l], WS = 2
# name 11 = sal00: Salinity, Practical [PSU]
# name 12 = sal11: Salinity, Practical, 2 [PSU]
# name 13 = sigma-t00: Density [sigma-t, Kg/m^3 ]
# name 14 = svCM: Sound Velocity [Chen-Millero, m/s]
# name 15 = avgsvCM: Average Sound Velocity [Chen-Millero, m/s], minP = 1, minS = 5
# name 16 = flag: flag
# span 0 =       1028,      27529       
# span 1 =      5.000,    375.000       
# span 2 =     7.0585,     9.7409       
# span 3 =     7.0623,     9.7444       
# span 4 =   3.451653,   3.658731       
# span 5 =   3.453967,   3.659536       
# span 6 =     2.3142,     2.7081       
# span 7 =      17.38,      98.92       
# span 8 =     0.0231,     0.0432       
# span 9 = 5.1444e-02, 5.1541e-02       
# span 10 =    5.15373,    5.81069      
# span 11 =    32.5363,    34.5276      
# span 12 =    32.5466,    34.5325      
# span 13 =    25.2370,    27.0369      
# span 14 =    1480.85,    1488.78      
# span 15 =    1482.10,    1486.33      
# span 16 = 0.0000e+00, 0.0000e+00      
# interval = decibars: 1                
# start_time = Dec 01 2017 21:24:29 [System UTC, header]
# bad_flag = -9.990e-29
*END*
[from data line 86]
       7198     91.000     9.7268     9.7317   3.643564   3.644685     2.6470      78.19     0.0351 5.1475e-02    5.56050    33.5263    33.5332    25.8472    1488.54    1485.75 0.0000e+00
       7268     92.000     9.7384     9.7418   3.647523   3.648403     2.6440      95.81     0.0380 5.1476e-02    5.56697    33.5556    33.5614    25.8682    1488.63    1485.78 0.0000e+00
       7338     93.000     9.7409     9.7444   3.656406   3.657331     2.6439      77.03     0.0347 5.1477e-02    5.55693    33.6438    33.6500    25.9366    1488.76    1485.81 0.0000e+00
       7408     94.000     9.7271     9.7302   3.658727   3.659524     2.6378      89.47     0.0320 5.1464e-02    5.52565    33.6800    33.6852    25.9672    1488.78    1485.84 0.0000e+00
       7478     95.000     9.7106     9.7142   3.658645   3.659400     2.6292      69.98     0.0351 5.1477e-02    5.51163    33.6941    33.6985    25.9810    1488.75    1485.87 0.0000e+00
       7548     96.000     9.7066     9.7107   3.658647   3.659459     2.6211      79.77     0.0342 5.1475e-02    5.49777    33.6974    33.7019    25.9843    1488.76    1485.90 0.0000e+00
       7618     97.000     9.7053     9.7089   3.658731   3.659536     2.6219      72.88     0.0340 5.1475e-02    5.51105    33.6991    33.7040    25.9858    1488.77    1485.93 0.0000e+00
       7689     98.000     9.6991     9.7030   3.658585   3.659376     2.6197      86.58     0.0342 5.1474e-02    5.50203    33.7029    33.7074    25.9898    1488.77    1485.96 0.0000e+00
       7759     99.000     9.6831     9.6873   3.658299   3.659089     2.6199      82.91     0.0342 5.1475e-02    5.50577    33.7145    33.7187    26.0015    1488.74    1485.99 0.0000e+00
       7830    100.000     9.6556     9.6592   3.658019   3.658796     2.6156      73.58     0.0311 5.1475e-02    5.48127    33.7370    33.7416    26.0236    1488.68    1486.02 0.0000e+00
       7901    101.000     9.6198     9.6238   3.657465   3.658232     2.6037      86.08     0.0356 5.1459e-02    5.44896    33.7645    33.7686    26.0510    1488.60    1486.04 0.0000e+00
       7972    102.000     9.5938     9.5981   3.657253   3.658029     2.5941      86.38     0.0336 5.1475e-02    5.43762    33.7863    33.7902    26.0723    1488.55    1486.07 0.0000e+00
       8042    103.000     9.5514     9.5559   3.656600   3.657361     2.5895      74.70     0.0302 5.1468e-02    5.43881    33.8190    33.8226    26.1049    1488.45    1486.09 0.0000e+00
       8112    104.000     9.5327     9.5361   3.656219   3.656973     2.5870      88.19     0.0325 5.1469e-02    5.42762    33.8323    33.8369    26.1183    1488.42    1486.11 0.0000e+00
       8185    105.000     9.5275     9.5307   3.656273   3.657061     2.5774      80.14     0.0292 5.1460e-02    5.40333    33.8373    33.8424    26.1230    1488.42    1486.13 0.0000e+00
       8257    106.000     9.5053     9.5084   3.656010   3.656745     2.5796      76.10     0.0315 5.1487e-02    5.42795    33.8551    33.8597    26.1406    1488.38    1486.15 0.0000e+00
       8328    107.000     9.4665     9.4692   3.654283   3.654979     2.5761      75.28     0.0321 5.1470e-02    5.40862    33.8735    33.8781    26.1613    1488.28    1486.17 0.0000e+00
       8400    108.000     9.4394     9.4420   3.653369   3.654081     2.5705      88.67     0.0313 5.1466e-02    5.39764    33.8892    33.8941    26.1780    1488.21    1486.19 0.0000e+00
       8471    109.000     9.4226     9.4264   3.653003   3.653799     2.5667      81.99     0.0320 5.1480e-02    5.39366    33.9008    33.9055    26.1899    1488.18    1486.21 0.0000e+00
       8542    110.000     9.3739     9.3778   3.650123   3.650882     2.5623      72.54     0.0340 5.1469e-02    5.38465    33.9167    33.9209    26.2102    1488.04    1486.23 0.0000e+00
       8613    111.000     9.3262     9.3261   3.647173   3.647677     2.5586      74.30     0.0345 5.1461e-02    5.38952    33.9310    33.9363    26.2291    1487.90    1486.24 0.0000e+00
       8684    112.000     9.3024     9.3029   3.645774   3.646301     2.5576      98.64     0.0309 5.1477e-02    5.38438    33.9386    33.9436    26.2389    1487.84    1486.26 0.0000e+00
       8754    113.000     9.2788     9.2807   3.644233   3.644841     2.5525      75.68     0.0321 5.1472e-02    5.37373    33.9446    33.9491    26.2474    1487.78    1486.27 0.0000e+00
       8825    114.000     9.2556     9.2616   3.642673   3.643589     2.5493      83.07     0.0291 5.1486e-02    5.37191    33.9500    33.9538    26.2554    1487.72    1486.28 0.0000e+00
       8895    115.000     9.2286     9.2347   3.641020   3.641894     2.5478      67.59     0.0304 5.1475e-02    5.37138    33.9581    33.9613    26.2660    1487.64    1486.30 0.0000e+00
       8966    116.000     9.1673     9.1707   3.637218   3.637892     2.5441      94.40     0.0315 5.1466e-02    5.36448    33.9764    33.9802    26.2903    1487.46    1486.31 0.0000e+00
       9038    117.000     9.0949     9.0987   3.632233   3.632910     2.5387      74.64     0.0307 5.1477e-02    5.36323    33.9931    33.9965    26.3149    1487.23    1486.31 0.0000e+00
       9109    118.000     9.0558     9.0602   3.629791   3.630505     2.5344      74.62     0.0307 5.1480e-02    5.34985    34.0045    34.0078    26.3301    1487.11    1486.32 0.0000e+00
       9179    119.000     9.0400     9.0452   3.628946   3.629773     2.5279      75.91     0.0322 5.1473e-02    5.34020    34.0103    34.0140    26.3371    1487.08    1486.33 0.0000e+00
       9249    120.000     8.9402     8.9460   3.621792   3.622506     2.5267      89.38     0.0326 5.1462e-02    5.35229    34.0306    34.0325    26.3688    1486.75    1486.33 0.0000e+00
       9320    121.000     8.7387     8.7397   3.607498   3.607789     2.5199      82.71     0.0312 5.1466e-02    5.34577    34.0736    34.0757    26.4342    1486.07    1486.33 0.0000e+00
       9392    122.000     8.5515     8.5565   3.594068   3.594630     2.5090      72.13     0.0320 5.1464e-02    5.32871    34.1121    34.1132    26.4934    1485.44    1486.32 0.0000e+00
       9462    123.000     8.4046     8.4082   3.583625   3.584101     2.4937      76.36     0.0303 5.1467e-02    5.30870    34.1432    34.1448    26.5403    1484.95    1486.31 0.0000e+00
       9533    124.000     8.2788     8.2840   3.574591   3.575151     2.4873      86.59     0.0320 5.1477e-02    5.32922    34.1689    34.1698    26.5796    1484.52    1486.30 0.0000e+00
       9604    125.000     8.1029     8.1068   3.561874   3.562333     2.4824      83.60     0.0345 5.1449e-02    5.32454    34.2041    34.2052    26.6337    1483.92    1486.28 0.0000e+00
       9674    126.000     8.0572     8.0629   3.558587   3.559309     2.4751      75.23     0.0324 5.1465e-02    5.31677    34.2131    34.2152    26.6476    1483.78    1486.26 0.0000e+00
       9745    127.000     7.9774     7.9814   3.552966   3.553458     2.4694      93.95     0.0301 5.1489e-02    5.30976    34.2304    34.2318    26.6730    1483.51    1486.23 0.0000e+00
       9815    128.000     7.8059     7.8104   3.540674   3.541115     2.4631      83.92     0.0324 5.1485e-02    5.31020    34.2660    34.2663    26.7262    1482.92    1486.21 0.0000e+00
       9886    129.000     7.7053     7.7093   3.533494   3.534033     2.4522      74.57     0.0282 5.1491e-02    5.29023    34.2870    34.2889    26.7574    1482.58    1486.18 0.0000e+00
       9956    130.000     7.6470     7.6509   3.529321   3.529815     2.4473      76.03     0.0291 5.1474e-02    5.29867    34.2988    34.3003    26.7752    1482.39    1486.15 0.0000e+00
      10027    131.000     7.5594     7.5615   3.523080   3.523454     2.4427      88.55     0.0286 5.1483e-02    5.29308    34.3172    34.3192    26.8023    1482.10    1486.12 0.0000e+00
      10098    132.000     7.4486     7.4526   3.515275   3.515795     2.4388      82.62     0.0314 5.1477e-02    5.29759    34.3416    34.3433    26.8374    1481.72    1486.09 0.0000e+00
      10169    133.000     7.4084     7.4131   3.512616   3.513246     2.4336      72.81     0.0285 5.1485e-02    5.28832    34.3520    34.3542    26.8513    1481.60    1486.05 0.0000e+00
      10239    134.000     7.3825     7.3861   3.510934   3.511500     2.4297      77.76     0.0291 5.1483e-02    5.28144    34.3589    34.3615    26.8604    1481.52    1486.02 0.0000e+00
      10310    135.000     7.3684     7.3723   3.510015   3.510620     2.4282      94.03     0.0310 5.1483e-02    5.29103    34.3624    34.3651    26.8651    1481.49    1485.99 0.0000e+00
      10382    136.000     7.3466     7.3505   3.508570   3.509173     2.4282      75.11     0.0307 5.1484e-02    5.28966    34.3678    34.3705    26.8725    1481.43    1485.95 0.0000e+00
      10452    137.000     7.3390     7.3429   3.508153   3.508781     2.4242      89.11     0.0282 5.1467e-02    5.27216    34.3703    34.3732    26.8755    1481.42    1485.92 0.0000e+00
      10523    138.000     7.3193     7.3227   3.506922   3.507474     2.4218      70.94     0.0286 5.1490e-02    5.27699    34.3759    34.3786    26.8828    1481.37    1485.89 0.0000e+00
      10594    139.000     7.2796     7.2836   3.504290   3.504887     2.4202      87.36     0.0280 5.1479e-02    5.27447    34.3862    34.3887    26.8964    1481.24    1485.85 0.0000e+00
      10665    140.000     7.2612     7.2650   3.503206   3.503786     2.4177      75.28     0.0299 5.1465e-02    5.27322    34.3921    34.3947    26.9037    1481.20    1485.82 0.0000e+00
      10736    141.000     7.2513     7.2550   3.502599   3.503180     2.4146      84.71     0.0315 5.1485e-02    5.26039    34.3948    34.3975    26.9073    1481.18    1485.79 0.0000e+00
      10807    142.000     7.2322     7.2359   3.501424   3.501998     2.4136      71.05     0.0312 5.1472e-02    5.27332    34.4005    34.4031    26.9144    1481.13    1485.75 0.0000e+00
      10877    143.000     7.2187     7.2225   3.500632   3.501230     2.4134      76.10     0.0300 5.1485e-02    5.26936    34.4048    34.4076    26.9197    1481.10    1485.72 0.0000e+00
      10948    144.000     7.1925     7.1964   3.499087   3.499662     2.4135      74.87     0.0308 5.1476e-02    5.27325    34.4135    34.4159    26.9302    1481.02    1485.69 0.0000e+00
      11018    145.000     7.1624     7.1664   3.497322   3.497901     2.4124      88.90     0.0314 5.1488e-02    5.27511    34.4237    34.4260    26.9424    1480.94    1485.65 0.0000e+00
      11089    146.000     7.1489     7.1529   3.496745   3.497329     2.4109      80.64     0.0277 5.1482e-02    5.27116    34.4303    34.4327    26.9496    1480.91    1485.62 0.0000e+00
      11160    147.000     7.1346     7.1387   3.496032   3.496625     2.4089      70.65     0.0285 5.1477e-02    5.26973    34.4363    34.4387    26.9563    1480.88    1485.59 0.0000e+00
      11230    148.000     7.1216     7.1257   3.495243   3.495812     2.4080      82.78     0.0301 5.1466e-02    5.26748    34.4401    34.4423    26.9611    1480.85    1485.56 0.0000e+00
      11301    149.000     7.1206     7.1245   3.495558   3.496144     2.4090      78.80     0.0302 5.1459e-02    5.27735    34.4441    34.4466    26.9643    1480.87    1485.53 0.0000e+00
      11372    150.000     7.1192     7.1233   3.495502   3.496120     2.4084      75.60     0.0313 5.1475e-02    5.27393    34.4444    34.4471    26.9648    1480.88    1485.49 0.0000e+00
      11443    151.000     7.1126     7.1165   3.495083   3.495689     2.4085      69.74     0.0310 5.1471e-02    5.27174    34.4459    34.4486    26.9669    1480.87    1485.46 0.0000e+00
      11514    152.000     7.1089     7.1128   3.495059   3.495662     2.4058      81.68     0.0314 5.1471e-02    5.26507    34.4488    34.4515    26.9697    1480.88    1485.43 0.0000e+00
      11584    153.000     7.1063     7.1101   3.495077   3.495681     2.4066      72.10     0.0302 5.1468e-02    5.27472    34.4511    34.4539    26.9719    1480.89    1485.40 0.0000e+00
      11655    154.000     7.1039     7.1080   3.495083   3.495691     2.4054      83.15     0.0316 5.1484e-02    5.26680    34.4531    34.4557    26.9738    1480.90    1485.37 0.0000e+00
      11725    155.000     7.0990     7.1030   3.495027   3.495618     2.4067      83.46     0.0295 5.1479e-02    5.28329    34.4569    34.4594    26.9774    1480.90    1485.35 0.0000e+00
      11796    156.000     7.0953     7.0992   3.494938   3.495531     2.4083      65.31     0.0278 5.1469e-02    5.27905    34.4591    34.4617    26.9797    1480.90    1485.32 0.0000e+00
      11867    157.000     7.0925     7.0963   3.494914   3.495511     2.4078      82.36     0.0271 5.1471e-02    5.28044    34.4611    34.4639    26.9817    1480.91    1485.29 0.0000e+00
      11938    158.000     7.0895     7.0934   3.494871   3.495473     2.4084      75.51     0.0262 5.1484e-02    5.28068    34.4632    34.4659    26.9837    1480.92    1485.26 0.0000e+00
      12008    159.000     7.0863     7.0902   3.494809   3.495414     2.4055      89.17     0.0266 5.1471e-02    5.27018    34.4652    34.4679    26.9857    1480.92    1485.23 0.0000e+00
      12079    160.000     7.0853     7.0891   3.494825   3.495429     2.4058      82.68     0.0255 5.1474e-02    5.28006    34.4659    34.4687    26.9864    1480.94    1485.21 0.0000e+00
      12149    161.000     7.0847     7.0886   3.494861   3.495466     2.4060      74.14     0.0272 5.1465e-02    5.27568    34.4664    34.4691    26.9869    1480.95    1485.18 0.0000e+00
      12220    162.000     7.0834     7.0871   3.494873   3.495473     2.4051      70.51     0.0296 5.1475e-02    5.27287    34.4673    34.4702    26.9878    1480.97    1485.15 0.0000e+00
      12291    163.000     7.0817     7.0856   3.494883   3.495489     2.4038      86.85     0.0296 5.1467e-02    5.27701    34.4686    34.4714    26.9891    1480.98    1485.13 0.0000e+00
      12362    164.000     7.0800     7.0838   3.494910   3.495521     2.4059      85.91     0.0336 5.1476e-02    5.28537    34.4701    34.4730    26.9905    1480.99    1485.10 0.0000e+00
      12432    165.000     7.0767     7.0806   3.495018   3.495628     2.4058      78.16     0.0288 5.1478e-02    5.27831    34.4741    34.4769    26.9941    1481.00    1485.08 0.0000e+00
      12502    166.000     7.0736     7.0775   3.495185   3.495790     2.4044      65.66     0.0268 5.1457e-02    5.27399    34.4786    34.4813    26.9980    1481.01    1485.05 0.0000e+00
      12572    167.000     7.0709     7.0745   3.495332   3.495956     2.4049      73.89     0.0311 5.1483e-02    5.28831    34.4824    34.4856    27.0014    1481.02    1485.03 0.0000e+00
      12643    168.000     7.0698     7.0742   3.495418   3.496017     2.4085      74.88     0.0324 5.1469e-02    5.29589    34.4839    34.4861    27.0028    1481.03    1485.01 0.0000e+00
      12714    169.000     7.0660     7.0701   3.495544   3.496156     2.4088      87.68     0.0273 5.1473e-02    5.28968    34.4886    34.4912    27.0070    1481.04    1484.98 0.0000e+00
      12784    170.000     7.0643     7.0681   3.495633   3.496245     2.4076      74.42     0.0301 5.1474e-02    5.29370    34.4908    34.4937    27.0090    1481.05    1484.96 0.0000e+00
      12855    171.000     7.0638     7.0677   3.495718   3.496334     2.4085      65.43     0.0300 5.1485e-02    5.29378    34.4917    34.4946    27.0098    1481.07    1484.94 0.0000e+00
      12926    172.000     7.0629     7.0668   3.495824   3.496443     2.4079      78.54     0.0304 5.1479e-02    5.29230    34.4933    34.4962    27.0111    1481.08    1484.91 0.0000e+00
      12997    173.000     7.0622     7.0661   3.495943   3.496569     2.4074      73.64     0.0278 5.1465e-02    5.29193    34.4948    34.4978    27.0124    1481.10    1484.89 0.0000e+00
      13068    174.000     7.0617     7.0657   3.496029   3.496655     2.4103      98.65     0.0272 5.1478e-02    5.30584    34.4958    34.4986    27.0132    1481.11    1484.87 0.0000e+00
