DigitalOcean/CTDs/sta0319.cnv
* Sea-Bird SBE 9 Data File:
* FileName = C:\Seabird\CTDData\sta0319.hex
* Software Version Seasave V 7.21f
* Temperature SN = 4385
* Conductivity SN = 2140
* Number of Bytes Per Scan = 34
* Number of Voltage Words = 3
* Number of Scans Averaged by the Deck Unit = 1
* NMEA Latitude = 66 36.75 N
* NMEA Longitude = 006 37.61 E
* NMEA UTC (Time) = Nov 29 2017 11:58:28
* NMEA baud rate = 4800
** Ship: 10 F/F "G. O. Sars"
** Station: 0319
** Echodepth: 727
** Log: 2214.88
** Wind-Dir Force: 34 14
** Air-temp (dry): 0.2
** Weather Sky: 2 6
** Sea Ice: 2 0
# nquan = 17                                
# nvalues = 707                         
# units = specified
# name 0 = scan: Scan Count
# name 1 = prDM: Pressure, Digiquartz [db]
# name 2 = t068C: Temperature [ITS-68, deg C]
# name 3 = t168C: Temperature, 2 [ITS-68, deg C]
# name 4 = c0S/m: Conductivity [S/m]
# name 5 = c1S/m: Conductivity, 2 [S/m]
# name 6 = sbeox0V: Oxygen raw, SBE 43 [V]
# name 7 = altM: Altimeter [m]
# name 8 = flC: Fluorescence, Chelsea Aqua 3 Chl Con [ug/l]
# name 9 = par: PAR/Irradiance, Biospherical/Licor
# name 10 = sbeox0ML/L: Oxygen, SBE 43 [ml/l], WS = 2
# name 11 = sal00: Salinity, Practical [PSU]
# name 12 = sal11: Salinity, Practical, 2 [PSU]
# name 13 = sigma-t00: Density [sigma-t, Kg/m^3 ]
# name 14 = svCM: Sound Velocity [Chen-Millero, m/s]
# name 15 = avgsvCM: Average Sound Velocity [Chen-Millero, m/s], minP = 1, minS = 5
# name 16 = flag: flag
# span 0 =         -7,      17130       
# span 1 =      9.000,    715.000       
# span 2 =    -0.7606,     8.1483       
# span 3 =    -0.7248,     8.1528       
# span 4 =   2.864605,   3.652222       
# span 5 =   2.871123,   3.653968       
# span 6 =     2.2045,     2.7504       
# span 7 =      20.32,      98.93       
# span 8 =     0.0061,     0.0556       
# span 9 = 5.1409e-02, 1.7018e+00       
# span 10 =    5.73787,    6.45600      
# span 11 =    34.9203,    35.1533      
# span 12 =    34.9044,    35.1663      
# span 13 =    27.2930,    28.0796      
# span 14 =    1456.90,    1485.76      
# span 15 =    1475.67,    1484.33      
# span 16 = 0.0000e+00, 0.0000e+00      
# interval = decibars: 1                
# start_time = Nov 29 2017 11:58:30 [System UTC, header]
# bad_flag = -9.990e-29
*END*
[from data line 171]
       4859    180.000     7.8875     7.8926   3.632810   3.634475     2.6239      94.34     0.0146 5.1433e-02    5.75459    35.1520    35.1648    27.4105    1485.19    1484.15 0.0000e+00
       4879    181.000     7.8621     7.8676   3.630405   3.632090     2.6230      93.62     0.0158 5.1447e-02    5.75966    35.1511    35.1637    27.4136    1485.11    1484.16 0.0000e+00
       4900    182.000     7.8426     7.8475   3.628558   3.630196     2.6223      93.86     0.0130 5.1480e-02    5.76225    35.1503    35.1630    27.4159    1485.05    1484.16 0.0000e+00
       4923    183.000     7.8342     7.8391   3.627768   3.629444     2.6223      94.83     0.0131 5.1442e-02    5.77357    35.1497    35.1629    27.4167    1485.04    1484.17 0.0000e+00
       4950    184.000     7.8142     7.8202   3.625814   3.627598     2.6238      93.47     0.0140 5.1465e-02    5.78234    35.1483    35.1615    27.4185    1484.97    1484.17 0.0000e+00
       4975    185.000     7.7859     7.7903   3.623214   3.624800     2.6247      92.89     0.0109 5.1464e-02    5.78889    35.1482    35.1609    27.4226    1484.88    1484.18 0.0000e+00
       4994    186.000     7.7829     7.7873   3.622948   3.624547     2.6254      96.13     0.0120 5.1450e-02    5.78784    35.1479    35.1607    27.4228    1484.89    1484.18 0.0000e+00
       5012    187.000     7.7768     7.7810   3.622431   3.624020     2.6253      96.16     0.0113 5.1427e-02    5.78733    35.1480    35.1609    27.4238    1484.88    1484.18 0.0000e+00
       5030    188.000     7.7695     7.7740   3.621746   3.623351     2.6253      96.60     0.0132 5.1463e-02    5.79085    35.1474    35.1602    27.4244    1484.87    1484.19 0.0000e+00
       5051    189.000     7.7634     7.7681   3.621211   3.622850     2.6259      96.83     0.0140 5.1466e-02    5.79942    35.1473    35.1603    27.4252    1484.86    1484.19 0.0000e+00
       5083    190.000     7.7443     7.7496   3.619402   3.621097     2.6275      97.06     0.0137 5.1456e-02    5.80549    35.1465    35.1595    27.4274    1484.81    1484.19 0.0000e+00
       5122    191.000     7.7383     7.7430   3.618879   3.620552     2.6281      93.51     0.0146 5.1449e-02    5.80721    35.1464    35.1597    27.4282    1484.80    1484.20 0.0000e+00
       5142    192.000     7.7334     7.7382   3.618478   3.620129     2.6290      93.04     0.0100 5.1444e-02    5.81488    35.1465    35.1595    27.4291    1484.80    1484.20 0.0000e+00
       5158    193.000     7.7281     7.7328   3.618021   3.619678     2.6299      94.59     0.0073 5.1445e-02    5.81574    35.1464    35.1596    27.4298    1484.79    1484.20 0.0000e+00
       5176    194.000     7.7243     7.7286   3.617693   3.619308     2.6299      96.48     0.0117 5.1468e-02    5.81124    35.1462    35.1593    27.4302    1484.80    1484.21 0.0000e+00
       5199    195.000     7.7208     7.7259   3.617406   3.619099     2.6292      97.04     0.0149 5.1457e-02    5.80736    35.1461    35.1593    27.4306    1484.80    1484.21 0.0000e+00
       5226    196.000     7.7175     7.7228   3.617145   3.618850     2.6287      97.29     0.0141 5.1459e-02    5.81581    35.1461    35.1592    27.4311    1484.80    1484.21 0.0000e+00
       5255    197.000     7.7118     7.7174   3.616621   3.618371     2.6306      96.28     0.0160 5.1454e-02    5.83133    35.1457    35.1590    27.4316    1484.80    1484.21 0.0000e+00
       5280    198.000     7.6947     7.6997   3.615022   3.616693     2.6325      89.95     0.0128 5.1430e-02    5.83494    35.1452    35.1582    27.4337    1484.75    1484.22 0.0000e+00
       5302    199.000     7.6829     7.6878   3.613909   3.615559     2.6332      89.00     0.0115 5.1432e-02    5.83204    35.1445    35.1574    27.4350    1484.72    1484.22 0.0000e+00
       5322    200.000     7.6730     7.6780   3.613008   3.614672     2.6328      94.58     0.0127 5.1441e-02    5.82790    35.1443    35.1572    27.4362    1484.70    1484.22 0.0000e+00
       5341    201.000     7.6663     7.6713   3.612393   3.614069     2.6319      96.11     0.0135 5.1464e-02    5.82617    35.1439    35.1570    27.4369    1484.69    1484.22 0.0000e+00
       5360    202.000     7.6571     7.6619   3.611556   3.613200     2.6314      96.37     0.0144 5.1471e-02    5.83115    35.1436    35.1566    27.4380    1484.67    1484.23 0.0000e+00
       5379    203.000     7.6511     7.6558   3.611014   3.612659     2.6315      96.23     0.0171 5.1462e-02    5.83488    35.1433    35.1564    27.4387    1484.66    1484.23 0.0000e+00
       5400    204.000     7.6462     7.6511   3.610571   3.612251     2.6314      95.52     0.0161 5.1425e-02    5.82953    35.1429    35.1562    27.4391    1484.66    1484.23 0.0000e+00
       5422    205.000     7.6416     7.6466   3.610190   3.611865     2.6297      87.57     0.0140 5.1464e-02    5.82372    35.1429    35.1561    27.4398    1484.66    1484.23 0.0000e+00
       5444    206.000     7.6405     7.6454   3.610127   3.611806     2.6289      98.17     0.0109 5.1473e-02    5.83122    35.1429    35.1561    27.4399    1484.67    1484.24 0.0000e+00
       5466    207.000     7.6403     7.6452   3.610150   3.611837     2.6297      98.22     0.0135 5.1450e-02    5.84527    35.1428    35.1562    27.4399    1484.69    1484.24 0.0000e+00
       5491    208.000     7.6401     7.6449   3.610182   3.611865     2.6322      97.24     0.0164 5.1454e-02    5.85225    35.1429    35.1563    27.4400    1484.70    1484.24 0.0000e+00
       5521    209.000     7.6384     7.6434   3.610051   3.611752     2.6335      97.98     0.0127 5.1468e-02    5.85401    35.1427    35.1561    27.4401    1484.71    1484.24 0.0000e+00
       5546    210.000     7.6321     7.6370   3.609511   3.611191     2.6349      98.39     0.0107 5.1450e-02    5.85812    35.1427    35.1560    27.4410    1484.70    1484.24 0.0000e+00
       5565    211.000     7.6299     7.6347   3.609344   3.611015     2.6354      98.16     0.0120 5.1443e-02    5.85031    35.1426    35.1559    27.4413    1484.71    1484.25 0.0000e+00
       5583    212.000     7.6259     7.6307   3.609015   3.610692     2.6339      97.64     0.0111 5.1456e-02    5.83537    35.1426    35.1560    27.4418    1484.71    1484.25 0.0000e+00
       5603    213.000     7.6227     7.6275   3.608757   3.610435     2.6315      97.31     0.0119 5.1480e-02    5.83362    35.1426    35.1559    27.4423    1484.72    1484.25 0.0000e+00
       5626    214.000     7.6207     7.6254   3.608607   3.610280     2.6307      98.38     0.0092 5.1451e-02    5.84548    35.1425    35.1559    27.4425    1484.73    1484.25 0.0000e+00
       5655    215.000     7.6176     7.6230   3.608326   3.610084     2.6317      98.21     0.0099 5.1461e-02    5.85516    35.1420    35.1557    27.4426    1484.73    1484.26 0.0000e+00
       5683    216.000     7.6055     7.6107   3.607198   3.608923     2.6327      98.02     0.0104 5.1460e-02    5.85834    35.1415    35.1550    27.4440    1484.70    1484.26 0.0000e+00
       5703    217.000     7.5925     7.5980   3.605992   3.607707     2.6332      97.46     0.0126 5.1474e-02    5.85817    35.1411    35.1541    27.4455    1484.67    1484.26 0.0000e+00
       5723    218.000     7.5847     7.5896   3.605269   3.606963     2.6325      97.10     0.0160 5.1469e-02    5.84793    35.1406    35.1541    27.4463    1484.65    1484.26 0.0000e+00
       5743    219.000     7.5807     7.5853   3.604916   3.606576     2.6305      97.57     0.0162 5.1471e-02    5.83544    35.1403    35.1537    27.4467    1484.65    1484.26 0.0000e+00
       5766    220.000     7.5773     7.5818   3.604615   3.606276     2.6275      97.32     0.0130 5.1450e-02    5.83611    35.1400    35.1535    27.4469    1484.66    1484.26 0.0000e+00
       5788    221.000     7.5758     7.5804   3.604523   3.606198     2.6273      98.89     0.0164 5.1438e-02    5.85107    35.1400    35.1536    27.4471    1484.67    1484.27 0.0000e+00
       5809    222.000     7.5765     7.5807   3.604632   3.606273     2.6284      98.90     0.0153 5.1461e-02    5.85900    35.1400    35.1536    27.4470    1484.69    1484.27 0.0000e+00
       5830    223.000     7.5746     7.5796   3.604503   3.606217     2.6293      98.90     0.0147 5.1487e-02    5.85804    35.1400    35.1536    27.4473    1484.69    1484.27 0.0000e+00
       5853    224.000     7.5678     7.5731   3.603878   3.605591     2.6294      98.90     0.0138 5.1435e-02    5.85938    35.1396    35.1529    27.4480    1484.68    1484.27 0.0000e+00
       5879    225.000     7.5548     7.5596   3.602644   3.604335     2.6299      98.90     0.0126 5.1444e-02    5.85546    35.1389    35.1524    27.4493    1484.65    1484.27 0.0000e+00
       5907    226.000     7.5421     7.5471   3.601476   3.603155     2.6278      98.90     0.0145 5.1463e-02    5.85028    35.1385    35.1517    27.4509    1484.62    1484.28 0.0000e+00
       5930    227.000     7.5373     7.5422   3.601084   3.602759     2.6277      98.90     0.0153 5.1447e-02    5.86352    35.1386    35.1519    27.4516    1484.62    1484.28 0.0000e+00
       5949    228.000     7.5338     7.5387   3.600800   3.602484     2.6288      98.90     0.0141 5.1479e-02    5.86509    35.1386    35.1519    27.4521    1484.62    1484.28 0.0000e+00
       5968    229.000     7.5331     7.5379   3.600779   3.602461     2.6282      98.90     0.0122 5.1442e-02    5.86407    35.1386    35.1520    27.4522    1484.63    1484.28 0.0000e+00
       5986    230.000     7.5324     7.5372   3.600769   3.602449     2.6294      98.91     0.0127 5.1476e-02    5.87478    35.1387    35.1521    27.4524    1484.65    1484.28 0.0000e+00
       6007    231.000     7.5323     7.5370   3.600795   3.602479     2.6304      98.91     0.0134 5.1450e-02    5.87824    35.1386    35.1521    27.4523    1484.66    1484.28 0.0000e+00
       6033    232.000     7.5316     7.5364   3.600785   3.602480     2.6321      98.90     0.0114 5.1466e-02    5.88337    35.1387    35.1522    27.4525    1484.68    1484.28 0.0000e+00
       6060    233.000     7.5300     7.5348   3.600695   3.602381     2.6327      98.90     0.0135 5.1468e-02    5.88158    35.1388    35.1523    27.4529    1484.69    1484.29 0.0000e+00
       6084    234.000     7.5284     7.5334   3.600589   3.602293     2.6336      98.91     0.0128 5.1468e-02    5.88183    35.1388    35.1523    27.4531    1484.70    1484.29 0.0000e+00
       6107    235.000     7.5253     7.5301   3.600349   3.602036     2.6327      98.90     0.0123 5.1438e-02    5.87672    35.1388    35.1523    27.4536    1484.70    1484.29 0.0000e+00
       6128    236.000     7.5239     7.5285   3.600267   3.601943     2.6327      98.90     0.0129 5.1439e-02    5.87977    35.1389    35.1524    27.4538    1484.71    1484.29 0.0000e+00
       6148    237.000     7.5234     7.5281   3.600272   3.601943     2.6322      98.90     0.0152 5.1468e-02    5.87551    35.1389    35.1523    27.4539    1484.73    1484.29 0.0000e+00
       6168    238.000     7.5231     7.5278   3.600276   3.601976     2.6315      98.90     0.0143 5.1456e-02    5.87006    35.1388    35.1525    27.4538    1484.74    1484.30 0.0000e+00
       6188    239.000     7.5214     7.5262   3.600156   3.601848     2.6296      98.90     0.0132 5.1467e-02    5.86120    35.1387    35.1522    27.4540    1484.75    1484.30 0.0000e+00
       6210    240.000     7.5184     7.5231   3.599893   3.601597     2.6278      98.90     0.0099 5.1475e-02    5.86358    35.1384    35.1522    27.4542    1484.76    1484.30 0.0000e+00
       6234    241.000     7.5140     7.5190   3.599487   3.601212     2.6279      98.90     0.0120 5.1479e-02    5.87591    35.1379    35.1516    27.4545    1484.76    1484.30 0.0000e+00
       6260    242.000     7.5080     7.5126   3.598923   3.600610     2.6281      98.90     0.0143 5.1464e-02    5.87411    35.1374    35.1511    27.4549    1484.75    1484.30 0.0000e+00
       6283    243.000     7.5002     7.5052   3.598193   3.599888     2.6279      98.90     0.0141 5.1476e-02    5.87630    35.1368    35.1502    27.4556    1484.74    1484.30 0.0000e+00
       6302    244.000     7.4950     7.4995   3.597733   3.599389     2.6279      98.90     0.0123 5.1456e-02    5.87769    35.1366    35.1500    27.4562    1484.73    1484.31 0.0000e+00
       6320    245.000     7.4907     7.4947   3.597335   3.598956     2.6279      98.89     0.0085 5.1482e-02    5.87427    35.1361    35.1497    27.4564    1484.73    1484.31 0.0000e+00
       6340    246.000     7.4883     7.4927   3.597135   3.598807     2.6266      98.88     0.0111 5.1453e-02    5.87129    35.1359    35.1496    27.4566    1484.74    1484.31 0.0000e+00
       6362    247.000     7.4860     7.4905   3.596934   3.598604     2.6265      98.87     0.0109 5.1468e-02    5.87702    35.1355    35.1491    27.4567    1484.75    1484.31 0.0000e+00
       6385    248.000     7.4762     7.4809   3.596020   3.597679     2.6260      98.86     0.0113 5.1462e-02    5.86656    35.1350    35.1483    27.4577    1484.72    1484.31 0.0000e+00
       6408    249.000     7.4683     7.4733   3.595234   3.596955     2.6233      98.87     0.0161 5.1437e-02    5.86241    35.1339    35.1476    27.4580    1484.71    1484.32 0.0000e+00
       6430    250.000     7.4603     7.4650   3.594484   3.596164     2.6230      98.85     0.0149 5.1468e-02    5.87383    35.1334    35.1469    27.4587    1484.69    1484.32 0.0000e+00
       6453    251.000     7.4520     7.4567   3.593656   3.595344     2.6230      98.85     0.0139 5.1451e-02    5.87940    35.1323    35.1459    27.4590    1484.68    1484.32 0.0000e+00
       6475    252.000     7.4485     7.4531   3.593373   3.595023     2.6242      98.85     0.0116 5.1459e-02    5.89068    35.1322    35.1455    27.4595    1484.68    1484.32 0.0000e+00
       6495    253.000     7.4487     7.4535   3.593425   3.595137     2.6254      98.85     0.0127 5.1469e-02    5.88742    35.1321    35.1459    27.4594    1484.70    1484.32 0.0000e+00
       6516    254.000     7.4457     7.4508   3.593156   3.594868     2.6250      98.76     0.0146 5.1483e-02    5.88011    35.1317    35.1452    27.4595    1484.70    1484.32 0.0000e+00
       6537    255.000     7.4456     7.4505   3.593188   3.594897     2.6242      98.90     0.0130 5.1462e-02    5.87809    35.1317    35.1453    27.4595    1484.72    1484.32 0.0000e+00
       6560    256.000     7.4428     7.4477   3.592921   3.594643     2.6237      98.90     0.0126 5.1475e-02    5.88505    35.1311    35.1449    27.4594    1484.72    1484.33 0.0000e+00
       6583    257.000     7.4242     7.4294   3.591085   3.592815     2.6248      98.90     0.0152 5.1477e-02    5.89174    35.1294    35.1430    27.4608    1484.67    1484.33 0.0000e+00
       6604    258.000     7.4089     7.4143   3.589632   3.591362     2.6238      98.87     0.0185 5.1469e-02    5.87086    35.1286    35.1420    27.4624    1484.62    1484.33 0.0000e+00
       6623    259.000     7.3994     7.4041   3.588709   3.590375     2.6203      98.88     0.0171 5.1474e-02    5.86289    35.1277    35.1411    27.4630    1484.60    1484.33 0.0000e+00
       6641    260.000     7.3888     7.3931   3.587666   3.589301     2.6193      98.89     0.0169 5.1454e-02    5.87372    35.1265    35.1400    27.4636    1484.58    1484.33 0.0000e+00
       6662    261.000     7.3838     7.3887   3.587224   3.588905     2.6182      98.88     0.0156 5.1480e-02    5.87107    35.1263    35.1396    27.4641    1484.57    1484.33 0.0000e+00
       6686    262.000     7.3805     7.3852   3.586908   3.588581     2.6168      98.85     0.0114 5.1457e-02    5.87095    35.1257    35.1392    27.4642    1484.58    1484.33 0.0000e+00
       6715    263.000     7.3602     7.3662   3.584886   3.586666     2.6162      98.61     0.0142 5.1449e-02    5.87675    35.1237    35.1370    27.4655    1484.51    1484.33 0.0000e+00
