DigitalOcean/CTDs/sta0322.cnv
* Sea-Bird SBE 9 Data File:
* FileName = C:\Seabird\CTDData\sta0322.hex
* Software Version Seasave V 7.21f
* Temperature SN = 4385
* Conductivity SN = 2140
* Number of Bytes Per Scan = 34
* Number of Voltage Words = 3
* Number of Scans Averaged by the Deck Unit = 1
* NMEA Latitude = 67 07.91 N
* NMEA Longitude = 014 17.13 E
* NMEA UTC (Time) = Dec 01 2017 21:24:26
* NMEA baud rate = 4800
** Ship: 10 F/F "G. O. Sars"
** Station: 0322
** Echodepth: 389
** Log: 2491.53
** Wind-Dir Force: 19 12
** Air-temp (dry): 4.0
** Weather Sky: 2 6
** Sea Ice: 2 0
# nquan = 17                                
# nvalues = 371                         
# units = specified
# name 0 = scan: Scan Count
# name 1 = prDM: Pressure, Digiquartz [db]
# name 2 = t068C: Temperature [ITS-68, deg C]
# name 3 = t168C: Temperature, 2 [ITS-68, deg C]
# name 4 = c0S/m: Conductivity [S/m]
# name 5 = c1S/m: Conductivity, 2 [S/m]
# name 6 = sbeox0V: Oxygen raw, SBE 43 [V]
# name 7 = altM: Altimeter [m]
# name 8 = flC: Fluorescence, Chelsea Aqua 3 Chl Con [ug/l]
# name 9 = par: PAR/Irradiance, Biospherical/Licor
# name 10 = sbeox0ML/L: Oxygen, SBE 43 [ml/l], WS = 2
# name 11 = sal00: Salinity, Practical [PSU]
# name 12 = sal11: Salinity, Practical, 2 [PSU]
# name 13 = sigma-t00: Density [sigma-t, Kg/m^3 ]
# name 14 = svCM: Sound Velocity [Chen-Millero, m/s]
# name 15 = avgsvCM: Average Sound Velocity [Chen-Millero, m/s], minP = 1, minS = 5
# name 16 = flag: flag
# span 0 =       1028,      27529       
# span 1 =      5.000,    375.000       
# span 2 =     7.0585,     9.7409       
# span 3 =     7.0623,     9.7444       
# span 4 =   3.451653,   3.658731       
# span 5 =   3.453967,   3.659536       
# span 6 =     2.3142,     2.7081       
# span 7 =      17.38,      98.92       
# span 8 =     0.0231,     0.0432       
# span 9 = 5.1444e-02, 5.1541e-02       
# span 10 =    5.15373,    5.81069      
# span 11 =    32.5363,    34.5276      
# span 12 =    32.5466,    34.5325      
# span 13 =    25.2370,    27.0369      
# span 14 =    1480.85,    1488.78      
# span 15 =    1482.10,    1486.33      
# span 16 = 0.0000e+00, 0.0000e+00      
# interval = decibars: 1                
# start_time = Dec 01 2017 21:24:29 [System UTC, header]
# bad_flag = -9.990e-29
*END*
[from data line 341]
      25389    346.000     7.0710     7.0745   3.507412   3.508168     2.3466      49.58     0.0289 5.1480e-02    5.23483    34.5270    34.5318    27.0366    1484.02    1483.73 0.0000e+00
      25460    347.000     7.0711     7.0745   3.507460   3.508219     2.3442      53.47     0.0291 5.1461e-02    5.22210    34.5270    34.5319    27.0365    1484.03    1483.73 0.0000e+00
      25530    348.000     7.0711     7.0746   3.507521   3.508272     2.3433      57.19     0.0304 5.1464e-02    5.22752    34.5272    34.5319    27.0367    1484.05    1483.73 0.0000e+00
      25601    349.000     7.0712     7.0747   3.507574   3.508332     2.3447      70.99     0.0306 5.1465e-02    5.23431    34.5272    34.5320    27.0366    1484.07    1483.73 0.0000e+00
      25672    350.000     7.0713     7.0748   3.507630   3.508381     2.3437      43.65     0.0302 5.1461e-02    5.22213    34.5272    34.5319    27.0367    1484.08    1483.73 0.0000e+00
      25743    351.000     7.0714     7.0749   3.507688   3.508443     2.3417      52.11     0.0326 5.1466e-02    5.22072    34.5272    34.5320    27.0367    1484.10    1483.73 0.0000e+00
      25813    352.000     7.0715     7.0749   3.507741   3.508494     2.3404      48.53     0.0308 5.1457e-02    5.21788    34.5272    34.5321    27.0367    1484.12    1483.74 0.0000e+00
      25884    353.000     7.0715     7.0750   3.507791   3.508548     2.3406      39.49     0.0283 5.1461e-02    5.22368    34.5273    34.5321    27.0367    1484.14    1483.74 0.0000e+00
      25954    354.000     7.0716     7.0751   3.507851   3.508602     2.3404      32.61     0.0240 5.1474e-02    5.21907    34.5274    34.5321    27.0368    1484.15    1483.74 0.0000e+00
      26024    355.000     7.0716     7.0751   3.507902   3.508655     2.3387      37.20     0.0258 5.1478e-02    5.21341    34.5274    34.5322    27.0368    1484.17    1483.74 0.0000e+00
      26095    356.000     7.0717     7.0751   3.507956   3.508706     2.3373      36.40     0.0281 5.1461e-02    5.20736    34.5274    34.5323    27.0368    1484.19    1483.74 0.0000e+00
      26165    357.000     7.0717     7.0752   3.508009   3.508761     2.3340      33.24     0.0292 5.1474e-02    5.19866    34.5275    34.5323    27.0369    1484.20    1483.74 0.0000e+00
      26236    358.000     7.0718     7.0752   3.508061   3.508821     2.3315      34.46     0.0304 5.1452e-02    5.19362    34.5275    34.5324    27.0368    1484.22    1483.74 0.0000e+00
      26306    359.000     7.0719     7.0754   3.508115   3.508866     2.3279      33.43     0.0291 5.1468e-02    5.17816    34.5275    34.5322    27.0368    1484.24    1483.74 0.0000e+00
      26377    360.000     7.0720     7.0754   3.508162   3.508918     2.3253      32.39     0.0267 5.1467e-02    5.18378    34.5274    34.5323    27.0368    1484.25    1483.75 0.0000e+00
      26447    361.000     7.0721     7.0755   3.508219   3.508974     2.3265      43.43     0.0271 5.1452e-02    5.18573    34.5275    34.5324    27.0368    1484.27    1483.75 0.0000e+00
      26517    362.000     7.0722     7.0756   3.508273   3.509023     2.3257      30.43     0.0298 5.1461e-02    5.18115    34.5275    34.5323    27.0368    1484.29    1483.75 0.0000e+00
      26587    363.000     7.0723     7.0757   3.508322   3.509083     2.3235      29.25     0.0283 5.1476e-02    5.17775    34.5274    34.5324    27.0367    1484.30    1483.75 0.0000e+00
      26658    364.000     7.0723     7.0758   3.508379   3.509135     2.3253      28.46     0.0282 5.1461e-02    5.18809    34.5276    34.5324    27.0368    1484.32    1483.75 0.0000e+00
      26728    365.000     7.0724     7.0758   3.508428   3.509191     2.3241      27.50     0.0296 5.1461e-02    5.17549    34.5275    34.5325    27.0368    1484.34    1483.75 0.0000e+00
      26798    366.000     7.0725     7.0759   3.508487   3.509241     2.3210      26.55     0.0287 5.1459e-02    5.16710    34.5276    34.5325    27.0368    1484.35    1483.75 0.0000e+00
      26869    367.000     7.0726     7.0760   3.508537   3.509293     2.3185      25.47     0.0288 5.1472e-02    5.16200    34.5276    34.5324    27.0368    1484.37    1483.76 0.0000e+00
      26939    368.000     7.0727     7.0762   3.508596   3.509346     2.3182      24.46     0.0309 5.1473e-02    5.17313    34.5276    34.5323    27.0368    1484.39    1483.76 0.0000e+00
      27010    369.000     7.0728     7.0763   3.508646   3.509401     2.3206      23.51     0.0297 5.1465e-02    5.17487    34.5276    34.5323    27.0368    1484.40    1483.76 0.0000e+00
      27080    370.000     7.0729     7.0763   3.508702   3.509458     2.3195      22.42     0.0257 5.1468e-02    5.17012    34.5276    34.5325    27.0368    1484.42    1483.76 0.0000e+00
      27151    371.000     7.0730     7.0764   3.508755   3.509511     2.3190      21.47     0.0291 5.1477e-02    5.17392    34.5276    34.5325    27.0367    1484.44    1483.76 0.0000e+00
      27222    372.000     7.0731     7.0765   3.508809   3.509565     2.3211      20.50     0.0268 5.1462e-02    5.17923    34.5276    34.5325    27.0367    1484.45    1483.77 0.0000e+00
      27292    373.000     7.0732     7.0766   3.508865   3.509617     2.3202      19.48     0.0289 5.1449e-02    5.17443    34.5276    34.5325    27.0367    1484.47    1483.77 0.0000e+00
      27371    374.000     7.0733     7.0767   3.508919   3.509673     2.3186      18.47     0.0279 5.1463e-02    5.16708    34.5276    34.5325    27.0367    1484.49    1483.77 0.0000e+00
      27529    375.000     7.0734     7.0770   3.508967   3.509742     2.3142      17.38     0.0288 5.1541e-02    5.15373    34.5276    34.5325    27.0367    1484.50    1483.77 0.0000e+00
