DigitalOcean/CTDs/sta0319.cnv
* Sea-Bird SBE 9 Data File:
* FileName = C:\Seabird\CTDData\sta0319.hex
* Software Version Seasave V 7.21f
* Temperature SN = 4385
* Conductivity SN = 2140
* Number of Bytes Per Scan = 34
* Number of Voltage Words = 3
* Number of Scans Averaged by the Deck Unit = 1
* NMEA Latitude = 66 36.75 N
* NMEA Longitude = 006 37.61 E
* NMEA UTC (Time) = Nov 29 2017 11:58:28
* NMEA baud rate = 4800
** Ship: 10 F/F "G. O. Sars"
** Station: 0319
** Echodepth: 727
** Log: 2214.88
** Wind-Dir Force: 34 14
** Air-temp (dry): 0.2
** Weather Sky: 2 6
** Sea Ice: 2 0
# nquan = 17                                
# nvalues = 707                         
# units = specified
# name 0 = scan: Scan Count
# name 1 = prDM: Pressure, Digiquartz [db]
# name 2 = t068C: Temperature [ITS-68, deg C]
# name 3 = t168C: Temperature, 2 [ITS-68, deg C]
# name 4 = c0S/m: Conductivity [S/m]
# name 5 = c1S/m: Conductivity, 2 [S/m]
# name 6 = sbeox0V: Oxygen raw, SBE 43 [V]
# name 7 = altM: Altimeter [m]
# name 8 = flC: Fluorescence, Chelsea Aqua 3 Chl Con [ug/l]
# name 9 = par: PAR/Irradiance, Biospherical/Licor
# name 10 = sbeox0ML/L: Oxygen, SBE 43 [ml/l], WS = 2
# name 11 = sal00: Salinity, Practical [PSU]
# name 12 = sal11: Salinity, Practical, 2 [PSU]
# name 13 = sigma-t00: Density [sigma-t, Kg/m^3 ]
# name 14 = svCM: Sound Velocity [Chen-Millero, m/s]
# name 15 = avgsvCM: Average Sound Velocity [Chen-Millero, m/s], minP = 1, minS = 5
# name 16 = flag: flag
# span 0 =         -7,      17130       
# span 1 =      9.000,    715.000       
# span 2 =    -0.7606,     8.1483       
# span 3 =    -0.7248,     8.1528       
# span 4 =   2.864605,   3.652222       
# span 5 =   2.871123,   3.653968       
# span 6 =     2.2045,     2.7504       
# span 7 =      20.32,      98.93       
# span 8 =     0.0061,     0.0556       
# span 9 = 5.1409e-02, 1.7018e+00       
# span 10 =    5.73787,    6.45600      
# span 11 =    34.9203,    35.1533      
# span 12 =    34.9044,    35.1663      
# span 13 =    27.2930,    28.0796      
# span 14 =    1456.90,    1485.76      
# span 15 =    1475.67,    1484.33      
# span 16 = 0.0000e+00, 0.0000e+00      
# interval = decibars: 1                
# start_time = Nov 29 2017 11:58:30 [System UTC, header]
# bad_flag = -9.990e-29
*END*
[from data line 86]
       2922     95.000     8.0037     8.0082   3.634370   3.635901     2.7076      94.75     0.0427 5.1466e-02    5.90730    35.0937    35.1056    27.3472    1484.16    1483.55 0.0000e+00
       2944     96.000     8.0041     8.0087   3.634451   3.635991     2.7084      94.15     0.0421 5.1444e-02    5.92268    35.0936    35.1056    27.3471    1484.18    1483.55 0.0000e+00
       2967     97.000     8.0020     8.0067   3.634307   3.635859     2.7088      94.63     0.0397 5.1443e-02    5.91122    35.0937    35.1057    27.3475    1484.19    1483.56 0.0000e+00
       2989     98.000     8.0023     8.0075   3.634361   3.635983     2.7068      94.38     0.0370 5.1432e-02    5.90372    35.0935    35.1057    27.3473    1484.20    1483.57 0.0000e+00
       3011     99.000     8.0025     8.0075   3.634453   3.636046     2.7056      93.91     0.0365 5.1464e-02    5.90733    35.0938    35.1059    27.3475    1484.22    1483.57 0.0000e+00
       3032    100.000     8.0024     8.0073   3.634484   3.636074     2.7058      93.83     0.0393 5.1446e-02    5.91873    35.0937    35.1059    27.3475    1484.24    1483.58 0.0000e+00
       3054    101.000     8.0021     8.0071   3.634514   3.636103     2.7074      93.99     0.0375 5.1444e-02    5.93181    35.0939    35.1059    27.3476    1484.25    1483.59 0.0000e+00
       3076    102.000     8.0021     8.0071   3.634541   3.636144     2.7101      93.82     0.0383 5.1442e-02    5.93581    35.0937    35.1059    27.3475    1484.27    1483.59 0.0000e+00
       3101    103.000     8.0023     8.0073   3.634614   3.636199     2.7102      94.18     0.0400 5.1471e-02    5.92117    35.0938    35.1058    27.3475    1484.29    1483.60 0.0000e+00
       3132    104.000     8.0022     8.0073   3.634645   3.636255     2.7085      93.74     0.0414 5.1452e-02    5.91552    35.0937    35.1059    27.3475    1484.30    1483.61 0.0000e+00
       3162    105.000     8.0016     8.0067   3.634635   3.636238     2.7064      93.25     0.0389 5.1443e-02    5.90399    35.0937    35.1058    27.3476    1484.32    1483.61 0.0000e+00
       3181    106.000     8.0009     8.0061   3.634592   3.636195     2.7046      95.93     0.0405 5.1436e-02    5.90047    35.0935    35.1055    27.3475    1484.33    1483.62 0.0000e+00
       3196    107.000     7.9989     8.0035   3.634392   3.635976     2.7030      97.26     0.0403 5.1447e-02    5.89975    35.0928    35.1052    27.3473    1484.34    1483.63 0.0000e+00
       3212    108.000     7.9964     8.0017   3.634144   3.635838     2.7022      96.29     0.0424 5.1452e-02    5.90493    35.0922    35.1051    27.3472    1484.34    1483.63 0.0000e+00
       3232    109.000     7.9961     8.0015   3.634182   3.635851     2.7023      95.58     0.0425 5.1454e-02    5.91533    35.0924    35.1049    27.3474    1484.36    1483.64 0.0000e+00
       3260    110.000     7.9947     7.9996   3.634054   3.635694     2.7038      95.00     0.0423 5.1455e-02    5.92369    35.0919    35.1047    27.3472    1484.37    1483.65 0.0000e+00
       3293    111.000     7.9938     7.9987   3.633997   3.635657     2.7052      94.83     0.0424 5.1461e-02    5.92388    35.0917    35.1047    27.3472    1484.38    1483.65 0.0000e+00
       3326    112.000     7.9940     7.9992   3.634091   3.635744     2.7062      94.47     0.0400 5.1463e-02    5.93008    35.0921    35.1046    27.3474    1484.40    1483.66 0.0000e+00
       3355    113.000     7.9936     7.9993   3.634094   3.635791     2.7070      94.67     0.0409 5.1464e-02    5.92620    35.0920    35.1045    27.3474    1484.41    1483.67 0.0000e+00
       3377    114.000     7.9916     7.9967   3.633936   3.635568     2.7064      95.84     0.0383 5.1472e-02    5.91726    35.0918    35.1043    27.3476    1484.42    1483.67 0.0000e+00
       3394    115.000     7.9917     7.9967   3.633978   3.635613     2.7049      96.49     0.0424 5.1469e-02    5.91248    35.0917    35.1043    27.3475    1484.44    1483.68 0.0000e+00
       3413    116.000     7.9910     7.9957   3.633946   3.635547     2.7037      96.22     0.0405 5.1453e-02    5.91323    35.0916    35.1041    27.3475    1484.45    1483.69 0.0000e+00
       3435    117.000     7.9907     7.9954   3.633982   3.635571     2.7027      95.89     0.0377 5.1468e-02    5.91185    35.0918    35.1041    27.3477    1484.47    1483.69 0.0000e+00
       3458    118.000     7.9871     7.9930   3.633663   3.635375     2.7017      95.64     0.0408 5.1443e-02    5.91135    35.0914    35.1039    27.3480    1484.47    1483.70 0.0000e+00
       3480    119.000     7.9840     7.9890   3.633423   3.635031     2.7011      95.83     0.0427 5.1447e-02    5.91724    35.0915    35.1038    27.3485    1484.48    1483.71 0.0000e+00
       3499    120.000     7.9836     7.9886   3.633413   3.635037     2.7015      96.76     0.0416 5.1441e-02    5.91326    35.0913    35.1037    27.3484    1484.49    1483.71 0.0000e+00
       3519    121.000     7.9828     7.9878   3.633381   3.635007     2.6998      96.34     0.0415 5.1484e-02    5.91340    35.0913    35.1037    27.3485    1484.50    1483.72 0.0000e+00
       3545    122.000     7.9832     7.9882   3.633457   3.635084     2.7018      95.38     0.0403 5.1461e-02    5.93395    35.0912    35.1037    27.3484    1484.52    1483.73 0.0000e+00
       3596    123.000     7.9842     7.9887   3.633574   3.635188     2.7031      94.72     0.0392 5.1467e-02    5.92653    35.0910    35.1038    27.3480    1484.54    1483.73 0.0000e+00
       3642    124.000     7.9842     7.9890   3.633653   3.635268     2.7039      94.58     0.0391 5.1451e-02    5.93100    35.0913    35.1039    27.3483    1484.56    1483.74 0.0000e+00
       3662    125.000     7.9832     7.9883   3.633611   3.635243     2.7038      94.98     0.0390 5.1458e-02    5.92696    35.0914    35.1038    27.3485    1484.57    1483.75 0.0000e+00
       3679    126.000     7.9831     7.9881   3.633627   3.635276     2.7035      96.44     0.0425 5.1435e-02    5.92776    35.0912    35.1039    27.3483    1484.59    1483.75 0.0000e+00
       3697    127.000     7.9828     7.9879   3.633650   3.635304     2.7036      96.82     0.0405 5.1441e-02    5.91979    35.0912    35.1039    27.3484    1484.60    1483.76 0.0000e+00
       3716    128.000     7.9823     7.9871   3.633646   3.635280     2.7007      97.06     0.0380 5.1461e-02    5.89754    35.0912    35.1039    27.3485    1484.62    1483.77 0.0000e+00
       3737    129.000     7.9819     7.9868   3.633654   3.635287     2.6969      97.08     0.0371 5.1471e-02    5.89799    35.0912    35.1038    27.3485    1484.63    1483.77 0.0000e+00
       3760    130.000     7.9821     7.9870   3.633726   3.635353     2.6965      96.97     0.0387 5.1431e-02    5.91577    35.0913    35.1038    27.3486    1484.65    1483.78 0.0000e+00
       3787    131.000     7.9819     7.9861   3.633742   3.635309     2.6979      96.93     0.0390 5.1459e-02    5.92586    35.0912    35.1038    27.3485    1484.67    1483.79 0.0000e+00
       3823    132.000     7.9813     7.9862   3.633713   3.635371     2.6997      96.77     0.0417 5.1456e-02    5.92978    35.0910    35.1039    27.3485    1484.68    1483.79 0.0000e+00
       3855    133.000     7.9809     7.9858   3.633672   3.635375     2.7015      97.09     0.0419 5.1435e-02    5.93955    35.0904    35.1038    27.3481    1484.69    1483.80 0.0000e+00
       3876    134.000     7.9779     7.9826   3.633481   3.635103     2.7028      96.99     0.0395 5.1442e-02    5.93031    35.0909    35.1036    27.3489    1484.70    1483.81 0.0000e+00
       3893    135.000     7.9752     7.9802   3.633263   3.634913     2.7011      97.30     0.0389 5.1454e-02    5.92134    35.0908    35.1035    27.3492    1484.71    1483.81 0.0000e+00
       3910    136.000     7.9752     7.9802   3.633305   3.634958     2.7007      97.55     0.0373 5.1464e-02    5.92126    35.0907    35.1035    27.3492    1484.72    1483.82 0.0000e+00
       3929    137.000     7.9751     7.9799   3.633348   3.634964     2.6991      97.75     0.0387 5.1483e-02    5.91395    35.0908    35.1034    27.3493    1484.74    1483.83 0.0000e+00
       3951    138.000     7.9747     7.9798   3.633346   3.635013     2.6973      97.71     0.0389 5.1456e-02    5.91423    35.0907    35.1035    27.3492    1484.75    1483.83 0.0000e+00
       3975    139.000     7.9730     7.9782   3.633230   3.634894     2.6960      97.53     0.0417 5.1464e-02    5.90663    35.0907    35.1033    27.3495    1484.76    1483.84 0.0000e+00
       4000    140.000     7.9716     7.9764   3.633161   3.634800     2.6937      97.41     0.0433 5.1452e-02    5.90880    35.0908    35.1036    27.3498    1484.77    1483.85 0.0000e+00
       4026    141.000     7.9707     7.9756   3.633125   3.634764     2.6937      96.81     0.0428 5.1464e-02    5.91807    35.0909    35.1036    27.3500    1484.79    1483.85 0.0000e+00
       4050    142.000     7.9706     7.9755   3.633162   3.634804     2.6949      95.87     0.0418 5.1443e-02    5.93106    35.0909    35.1036    27.3500    1484.80    1483.86 0.0000e+00
       4071    143.000     7.9706     7.9756   3.633216   3.634863     2.6969      96.84     0.0416 5.1449e-02    5.93417    35.0910    35.1037    27.3501    1484.82    1483.87 0.0000e+00
       4090    144.000     7.9707     7.9755   3.633253   3.634919     2.6974      96.96     0.0416 5.1475e-02    5.93151    35.0908    35.1039    27.3499    1484.84    1483.87 0.0000e+00
       4107    145.000     7.9705     7.9755   3.633291   3.634927     2.6979      96.74     0.0420 5.1458e-02    5.93246    35.0909    35.1035    27.3500    1484.85    1483.88 0.0000e+00
       4126    146.000     7.9704     7.9753   3.633335   3.634980     2.6980      98.64     0.0405 5.1441e-02    5.92345    35.0910    35.1038    27.3501    1484.87    1483.89 0.0000e+00
       4147    147.000     7.9708     7.9757   3.633452   3.635119     2.6958      98.65     0.0407 5.1464e-02    5.90489    35.0913    35.1044    27.3503    1484.89    1483.89 0.0000e+00
       4170    148.000     7.9717     7.9767   3.633636   3.635303     2.6917      98.49     0.0394 5.1459e-02    5.89538    35.0919    35.1048    27.3507    1484.91    1483.90 0.0000e+00
       4195    149.000     7.9720     7.9769   3.633751   3.635404     2.6902      97.98     0.0379 5.1466e-02    5.91180    35.0924    35.1052    27.3510    1484.93    1483.91 0.0000e+00
       4218    150.000     7.9718     7.9766   3.633779   3.635432     2.6909      98.70     0.0425 5.1464e-02    5.91593    35.0924    35.1054    27.3510    1484.94    1483.92 0.0000e+00
       4238    151.000     7.9750     7.9802   3.634278   3.636017     2.6910      98.71     0.0441 5.1449e-02    5.91578    35.0941    35.1075    27.3518    1484.97    1483.92 0.0000e+00
       4256    152.000     7.9789     7.9839   3.634810   3.636507     2.6912      97.92     0.0432 5.1478e-02    5.91299    35.0954    35.1086    27.3523    1485.00    1483.93 0.0000e+00
       4275    153.000     7.9790     7.9845   3.634867   3.636604     2.6904      94.57     0.0407 5.1447e-02    5.91308    35.0954    35.1086    27.3523    1485.02    1483.94 0.0000e+00
       4296    154.000     7.9846     7.9908   3.635615   3.637421     2.6910      94.61     0.0393 5.1438e-02    5.92116    35.0973    35.1105    27.3530    1485.06    1483.94 0.0000e+00
       4319    155.000     7.9929     7.9984   3.636619   3.638366     2.6921      95.61     0.0402 5.1448e-02    5.92221    35.0993    35.1126    27.3533    1485.11    1483.95 0.0000e+00
       4342    156.000     8.0068     8.0118   3.638297   3.640023     2.6920      94.30     0.0396 5.1450e-02    5.91056    35.1029    35.1165    27.3540    1485.19    1483.96 0.0000e+00
       4364    157.000     8.0132     8.0184   3.639157   3.640900     2.6905      94.71     0.0415 5.1438e-02    5.89924    35.1053    35.1188    27.3549    1485.23    1483.97 0.0000e+00
       4387    158.000     8.0252     8.0307   3.640907   3.642701     2.6880      94.91     0.0407 5.1469e-02    5.88755    35.1116    35.1253    27.3580    1485.30    1483.98 0.0000e+00
       4411    159.000     8.0327     8.0375   3.641990   3.643644     2.6855      94.66     0.0372 5.1459e-02    5.88052    35.1152    35.1281    27.3597    1485.35    1483.98 0.0000e+00
       4436    160.000     8.0624     8.0648   3.645778   3.647209     2.6826      94.31     0.0345 5.1464e-02    5.86447    35.1256    35.1385    27.3634    1485.49    1483.99 0.0000e+00
       4459    161.000     8.0956     8.1006   3.649915   3.651703     2.6787      98.87     0.0320 5.1439e-02    5.84343    35.1362    35.1504    27.3667    1485.64    1484.00 0.0000e+00
       4478    162.000     8.1026     8.1078   3.650971   3.652761     2.6752      96.84     0.0266 5.1472e-02    5.83927    35.1400    35.1540    27.3687    1485.69    1484.01 0.0000e+00
       4496    163.000     8.1051     8.1102   3.651332   3.653114     2.6734      93.80     0.0230 5.1486e-02    5.83775    35.1409    35.1549    27.3690    1485.72    1484.02 0.0000e+00
       4513    164.000     8.1095     8.1142   3.652055   3.653760     2.6712      96.10     0.0226 5.1420e-02    5.82089    35.1438    35.1573    27.3706    1485.75    1484.04 0.0000e+00
       4532    165.000     8.1052     8.1102   3.652222   3.653968     2.6661      96.48     0.0212 5.1452e-02    5.79862    35.1494    35.1631    27.3756    1485.76    1484.05 0.0000e+00
       4555    166.000     8.0830     8.0885   3.650404   3.652176     2.6600      98.82     0.0213 5.1457e-02    5.78537    35.1516    35.1651    27.3808    1485.70    1484.06 0.0000e+00
       4582    167.000     8.0427     8.0490   3.646698   3.648531     2.6529      98.85     0.0196 5.1491e-02    5.76863    35.1518    35.1652    27.3870    1485.56    1484.06 0.0000e+00
       4606    168.000     7.9875     7.9926   3.641652   3.643300     2.6453      98.85     0.0190 5.1450e-02    5.75178    35.1525    35.1651    27.3959    1485.37    1484.07 0.0000e+00
       4626    169.000     7.9790     7.9838   3.640938   3.642584     2.6389      98.83     0.0167 5.1449e-02    5.73858    35.1529    35.1658    27.3975    1485.36    1484.08 0.0000e+00
       4646    170.000     7.9742     7.9790   3.640534   3.642189     2.6334      98.54     0.0112 5.1462e-02    5.73787    35.1529    35.1658    27.3982    1485.35    1484.09 0.0000e+00
       4666    171.000     7.9708     7.9756   3.640276   3.641947     2.6304      98.51     0.0106 5.1458e-02    5.74340    35.1530    35.1662    27.3988    1485.36    1484.09 0.0000e+00
       4689    172.000     7.9665     7.9716   3.639947   3.641631     2.6279      98.80     0.0155 5.1450e-02    5.74418    35.1533    35.1663    27.3997    1485.36    1484.10 0.0000e+00
       4712    173.000     7.9369     7.9423   3.637232   3.638926     2.6265      98.59     0.0146 5.1444e-02    5.75179    35.1533    35.1662    27.4041    1485.26    1484.11 0.0000e+00
       4733    174.000     7.9267     7.9315   3.636311   3.637971     2.6259      97.01     0.0128 5.1453e-02    5.75231    35.1532    35.1662    27.4056    1485.24    1484.12 0.0000e+00
       4753    175.000     7.9191     7.9239   3.635619   3.637267     2.6249      98.85     0.0093 5.1461e-02    5.75496    35.1529    35.1658    27.4065    1485.23    1484.12 0.0000e+00
       4774    176.000     7.9134     7.9180   3.635106   3.636759     2.6252      98.43     0.0099 5.1458e-02    5.76298    35.1526    35.1658    27.4071    1485.22    1484.13 0.0000e+00
       4796    177.000     7.9106     7.9154   3.634884   3.636556     2.6259      97.27     0.0141 5.1458e-02    5.76772    35.1525    35.1657    27.4075    1485.23    1484.13 0.0000e+00
       4818    178.000     7.9076     7.9125   3.634656   3.636329     2.6265      95.37     0.0160 5.1451e-02    5.76279    35.1526    35.1657    27.4080    1485.23    1484.14 0.0000e+00
