DigitalOcean/CTDs/sta0318.cnv
* Sea-Bird SBE 9 Data File:
* FileName = C:\Seabird\CTDData\sta0318.hex
* Software Version Seasave V 7.21f
* Temperature SN = 4385
* Conductivity SN = 2140
* Number of Bytes Per Scan = 34
* Number of Voltage Words = 3
* Number of Scans Averaged by the Deck Unit = 1
* NMEA Latitude = 70 07.46 N
* NMEA Longitude = 020 59.65 E
* NMEA UTC (Time) = Nov 22 2017 11:49:22
* NMEA baud rate = 4800
** Ship: 10 F/F "G. O. Sars"
** Station: 0318
** Echodepth: 263
** Log: 1259.6
** Wind-Dir Force: 14 16
** Air-temp (dry): -1.9
** Weather Sky: 2 6
** Sea Ice: 2 0
# nquan = 17                                
# nvalues = 250                         
# units = specified
# name 0 = scan: Scan Count
# name 1 = prDM: Pressure, Digiquartz [db]
# name 2 = t068C: Temperature [ITS-68, deg C]
# name 3 = t168C: Temperature, 2 [ITS-68, deg C]
# name 4 = c0S/m: Conductivity [S/m]
# name 5 = c1S/m: Conductivity, 2 [S/m]
# name 6 = sbeox0V: Oxygen raw, SBE 43 [V]
# name 7 = altM: Altimeter [m]
# name 8 = flC: Fluorescence, Chelsea Aqua 3 Chl Con [ug/l]
# name 9 = par: PAR/Irradiance, Biospherical/Licor
# name 10 = sbeox0ML/L: Oxygen, SBE 43 [ml/l], WS = 2
# name 11 = sal00: Salinity, Practical [PSU]
# name 12 = sal11: Salinity, Practical, 2 [PSU]
# name 13 = sigma-t00: Density [sigma-t, Kg/m^3 ]
# name 14 = svCM: Sound Velocity [Chen-Millero, m/s]
# name 15 = avgsvCM: Average Sound Velocity [Chen-Millero, m/s], minP = 1, minS = 5
# name 16 = flag: flag
# span 0 =        423,       5832       
# span 1 =      3.000,    252.000       
# span 2 =     6.5754,     8.3563       
# span 3 =     6.5796,     8.3565       
# span 4 =   3.469395,   3.547110       
# span 5 =   3.470035,   3.548003       
# span 6 =     2.4643,     2.6938       
# span 7 =      12.80,      99.40       
# span 8 =     0.0212,     0.0534       
# span 9 = 5.1418e-02, 2.5554e+00       
# span 10 =    5.56190,    5.84867      
# span 11 =    33.7005,    34.6542      
# span 12 =    33.7014,    34.6572      
# span 13 =    26.2249,    27.2044      
# span 14 =    1480.62,    1483.98      
# span 15 =    1481.57,    1482.76      
# span 16 = 0.0000e+00, 0.0000e+00      
# interval = decibars: 1                
# start_time = Nov 22 2017 11:49:25 [System UTC, header]
# bad_flag = -9.990e-29
*END*
        423      3.000     8.1762     8.1809   3.515919   3.516537     2.6938      98.85     0.0488 2.5554e+00    5.83369    33.7009    33.7030    26.2278    1481.57    1481.57 0.0000e+00
        458      4.000     8.1763     8.1803   3.515996   3.516469     2.6918      98.85     0.0471 1.9672e+00    5.81756    33.7012    33.7024    26.2280    1481.59    1481.58 0.0000e+00
        480      5.000     8.1869     8.1906   3.517065   3.517513     2.6895      98.85     0.0481 1.7431e+00    5.81977    33.7019    33.7031    26.2269    1481.65    1481.59 0.0000e+00
        502      6.000     8.1872     8.1921   3.517146   3.517668     2.6904      98.85     0.0474 1.5046e+00    5.82849    33.7020    33.7028    26.2270    1481.66    1481.60 0.0000e+00
        524      7.000     8.1857     8.1897   3.516939   3.517394     2.6894      97.83     0.0448 1.2728e+00    5.81884    33.7007    33.7017    26.2262    1481.67    1481.61 0.0000e+00
        547      8.000     8.1868     8.1911   3.517074   3.517564     2.6891      86.89     0.0434 1.1724e+00    5.83348    33.7007    33.7017    26.2260    1481.69    1481.62 0.0000e+00
        569      9.000     8.1872     8.1917   3.517178   3.517650     2.6913      98.94     0.0424 1.0450e+00    5.84174    33.7009    33.7016    26.2261    1481.71    1481.63 0.0000e+00
        590     10.000     8.1855     8.1902   3.517085   3.517634     2.6924      98.85     0.0428 9.1791e-01    5.83961    33.7011    33.7024    26.2265    1481.72    1481.64 0.0000e+00
        610     11.000     8.1935     8.1983   3.517954   3.518545     2.6923      98.85     0.0453 8.2614e-01    5.82940    33.7022    33.7038    26.2262    1481.77    1481.65 0.0000e+00
        630     12.000     8.1953     8.1992   3.518179   3.518678     2.6907      98.85     0.0476 7.3463e-01    5.81582    33.7024    33.7039    26.2261    1481.79    1481.66 0.0000e+00
        651     13.000     8.1950     8.1995   3.518185   3.518731     2.6879      98.85     0.0477 6.5963e-01    5.81180    33.7022    33.7037    26.2260    1481.81    1481.68 0.0000e+00
        671     14.000     8.1930     8.1980   3.518044   3.518615     2.6868      98.85     0.0486 5.9273e-01    5.81217    33.7022    33.7035    26.2263    1481.82    1481.69 0.0000e+00
        692     15.000     8.1921     8.1979   3.517980   3.518646     2.6849      98.83     0.0481 5.3589e-01    5.81720    33.7019    33.7034    26.2262    1481.83    1481.70 0.0000e+00
        714     16.000     8.1926     8.1968   3.518065   3.518585     2.6866      98.83     0.0488 4.8506e-01    5.83297    33.7018    33.7033    26.2261    1481.85    1481.71 0.0000e+00
        736     17.000     8.1806     8.1861   3.516956   3.517575     2.6875      98.76     0.0499 4.4564e-01    5.83183    33.7011    33.7024    26.2273    1481.82    1481.71 0.0000e+00
        759     18.000     8.1834     8.1874   3.517263   3.517737     2.6878      98.08     0.0497 4.1477e-01    5.82947    33.7012    33.7024    26.2269    1481.85    1481.72 0.0000e+00
        782     19.000     8.1910     8.1962   3.518120   3.518700     2.6871      98.11     0.0476 3.7832e-01    5.81931    33.7025    33.7037    26.2269    1481.89    1481.73 0.0000e+00
        804     20.000     8.1907     8.1963   3.518101   3.518727     2.6854      98.86     0.0457 3.4346e-01    5.81677    33.7022    33.7034    26.2266    1481.91    1481.74 0.0000e+00
        825     21.000     8.1904     8.1949   3.518116   3.518651     2.6851      98.87     0.0452 3.1530e-01    5.82109    33.7021    33.7035    26.2266    1481.92    1481.75 0.0000e+00
        846     22.000     8.1848     8.1898   3.517559   3.518137     2.6844      98.86     0.0441 2.9502e-01    5.81677    33.7011    33.7025    26.2266    1481.92    1481.75 0.0000e+00
        867     23.000     8.1776     8.1819   3.516898   3.517368     2.6832      98.85     0.0445 2.7315e-01    5.81573    33.7005    33.7014    26.2273    1481.91    1481.76 0.0000e+00
        888     24.000     8.1884     8.1903   3.518051   3.518310     2.6827      98.84     0.0430 2.4911e-01    5.82212    33.7019    33.7029    26.2268    1481.96    1481.77 0.0000e+00
        910     25.000     8.1931     8.1978   3.518589   3.519122     2.6838      98.67     0.0424 2.3132e-01    5.82876    33.7027    33.7038    26.2266    1482.00    1481.78 0.0000e+00
        931     26.000     8.1921     8.1965   3.518484   3.519006     2.6845      98.39     0.0416 2.1369e-01    5.82976    33.7021    33.7034    26.2263    1482.01    1481.79 0.0000e+00
        952     27.000     8.1904     8.1957   3.518348   3.518969     2.6853      96.30     0.0415 2.0018e-01    5.83254    33.7018    33.7033    26.2263    1482.02    1481.80 0.0000e+00
        974     28.000     8.1879     8.1921   3.518153   3.518638     2.6855      94.57     0.0440 1.8646e-01    5.82964    33.7016    33.7027    26.2266    1482.03    1481.80 0.0000e+00
        997     29.000     8.1950     8.1972   3.518989   3.519273     2.6849      95.46     0.0484 1.7051e-01    5.82399    33.7032    33.7041    26.2268    1482.07    1481.81 0.0000e+00
       1019     30.000     8.2001     8.2008   3.519561   3.519647     2.6844      95.10     0.0479 1.6071e-01    5.83005    33.7039    33.7042    26.2266    1482.11    1481.82 0.0000e+00
       1040     31.000     8.2053     8.2077   3.520172   3.520501     2.6856      96.33     0.0487 1.4924e-01    5.83698    33.7050    33.7062    26.2266    1482.15    1481.83 0.0000e+00
       1061     32.000     8.2083     8.2135   3.520497   3.521124     2.6863      96.73     0.0491 1.4295e-01    5.83528    33.7051    33.7068    26.2263    1482.17    1481.84 0.0000e+00
       1082     33.000     8.2086     8.2138   3.520584   3.521203     2.6867      96.78     0.0469 1.3466e-01    5.84259    33.7052    33.7068    26.2263    1482.19    1481.85 0.0000e+00
       1103     34.000     8.2058     8.2116   3.520333   3.521023     2.6887      95.90     0.0453 1.2767e-01    5.84867    33.7048    33.7066    26.2264    1482.20    1481.86 0.0000e+00
       1124     35.000     8.2126     8.2172   3.521085   3.521668     2.6888      96.80     0.0455 1.1930e-01    5.83245    33.7058    33.7076    26.2262    1482.24    1481.88 0.0000e+00
       1147     36.000     8.2131     8.2178   3.521184   3.521748     2.6861      96.86     0.0439 1.1514e-01    5.81894    33.7059    33.7074    26.2262    1482.26    1481.89 0.0000e+00
       1169     37.000     8.2126     8.2172   3.521173   3.521740     2.6843      96.86     0.0419 1.0493e-01    5.81879    33.7058    33.7074    26.2262    1482.27    1481.90 0.0000e+00
       1191     38.000     8.2110     8.2166   3.521027   3.521703     2.6825      96.83     0.0427 9.7230e-02    5.82166    33.7053    33.7071    26.2260    1482.28    1481.91 0.0000e+00
       1212     39.000     8.2098     8.2156   3.520932   3.521651     2.6827      96.63     0.0457 9.2388e-02    5.82753    33.7050    33.7070    26.2259    1482.29    1481.92 0.0000e+00
       1233     40.000     8.2085     8.2144   3.520878   3.521566     2.6823      96.55     0.0453 8.6551e-02    5.82335    33.7052    33.7068    26.2263    1482.31    1481.93 0.0000e+00
       1254     41.000     8.2123     8.2167   3.521275   3.521855     2.6816      96.11     0.0435 8.0534e-02    5.82752    33.7053    33.7072    26.2258    1482.34    1481.94 0.0000e+00
       1275     42.000     8.2122     8.2169   3.521324   3.521922     2.6827      96.71     0.0464 7.6952e-02    5.83529    33.7054    33.7073    26.2259    1482.35    1481.95 0.0000e+00
       1297     43.000     8.2129     8.2173   3.521437   3.521983     2.6833      96.89     0.0504 7.0017e-02    5.83386    33.7055    33.7071    26.2259    1482.37    1481.96 0.0000e+00
       1319     44.000     8.2126     8.2171   3.521442   3.522016     2.6833      96.92     0.0464 6.6234e-02    5.82830    33.7053    33.7071    26.2258    1482.39    1481.97 0.0000e+00
       1341     45.000     8.2132     8.2177   3.521562   3.522104     2.6818      96.96     0.0447 6.2263e-02    5.82047    33.7056    33.7070    26.2259    1482.41    1481.98 0.0000e+00
       1362     46.000     8.2137     8.2183   3.521645   3.522216     2.6808      96.97     0.0488 5.7082e-02    5.82186    33.7055    33.7072    26.2258    1482.42    1481.99 0.0000e+00
       1384     47.000     8.2131     8.2179   3.521622   3.522219     2.6800      96.95     0.0475 5.2885e-02    5.82270    33.7054    33.7071    26.2258    1482.44    1482.00 0.0000e+00
       1405     48.000     8.2127     8.2173   3.521625   3.522209     2.6799      96.97     0.0443 5.3168e-02    5.82456    33.7053    33.7071    26.2258    1482.45    1482.00 0.0000e+00
       1427     49.000     8.2079     8.2125   3.521144   3.521717     2.6790      96.93     0.0455 5.1820e-02    5.81654    33.7043    33.7060    26.2257    1482.45    1482.01 0.0000e+00
       1448     50.000     8.2091     8.2130   3.521312   3.521820     2.6774      96.93     0.0495 5.1467e-02    5.80883    33.7045    33.7061    26.2257    1482.47    1482.02 0.0000e+00
       1470     51.000     8.2103     8.2152   3.521482   3.522102     2.6751      96.90     0.0481 5.1471e-02    5.80522    33.7047    33.7066    26.2256    1482.49    1482.03 0.0000e+00
       1492     52.000     8.2106     8.2151   3.521557   3.522134     2.6742      97.06     0.0473 5.1458e-02    5.81609    33.7047    33.7065    26.2256    1482.51    1482.04 0.0000e+00
       1513     53.000     8.2114     8.2161   3.521669   3.522271     2.6754      98.23     0.0506 5.1459e-02    5.82026    33.7047    33.7065    26.2255    1482.53    1482.05 0.0000e+00
       1534     54.000     8.2115     8.2157   3.521693   3.522249     2.6746      98.26     0.0475 5.1473e-02    5.80666    33.7043    33.7062    26.2252    1482.55    1482.06 0.0000e+00
       1556     55.000     8.2104     8.2146   3.521623   3.522186     2.6726      97.50     0.0470 5.1451e-02    5.80059    33.7042    33.7061    26.2252    1482.56    1482.07 0.0000e+00
       1577     56.000     8.2115     8.2175   3.521785   3.522534     2.6710      98.26     0.0464 5.1446e-02    5.79901    33.7044    33.7066    26.2252    1482.58    1482.08 0.0000e+00
       1599     57.000     8.2138     8.2181   3.522071   3.522642     2.6699      98.71     0.0483 5.1471e-02    5.81047    33.7047    33.7067    26.2252    1482.60    1482.09 0.0000e+00
       1620     58.000     8.2135     8.2178   3.522076   3.522672     2.6722      98.64     0.0481 5.1445e-02    5.82444    33.7046    33.7068    26.2251    1482.62    1482.10 0.0000e+00
       1641     59.000     8.2141     8.2191   3.522221   3.522846     2.6732      97.59     0.0474 5.1451e-02    5.82153    33.7051    33.7070    26.2254    1482.64    1482.11 0.0000e+00
       1663     60.000     8.2154     8.2204   3.522389   3.523038     2.6735      96.85     0.0467 5.1483e-02    5.81567    33.7052    33.7073    26.2253    1482.66    1482.11 0.0000e+00
       1685     61.000     8.2161     8.2211   3.522502   3.523156     2.6729      96.84     0.0444 5.1467e-02    5.81556    33.7052    33.7074    26.2252    1482.68    1482.12 0.0000e+00
       1706     62.000     8.2145     8.2191   3.522365   3.522980     2.6731      96.84     0.0452 5.1458e-02    5.81906    33.7048    33.7070    26.2251    1482.69    1482.13 0.0000e+00
       1728     63.000     8.2130     8.2174   3.522247   3.522812     2.6732      96.83     0.0456 5.1473e-02    5.82078    33.7045    33.7063    26.2251    1482.70    1482.14 0.0000e+00
       1749     64.000     8.2116     8.2139   3.522125   3.522488     2.6732      96.85     0.0465 5.1459e-02    5.81132    33.7041    33.7058    26.2250    1482.71    1482.15 0.0000e+00
       1771     65.000     8.2108     8.2156   3.522098   3.522705     2.6706      96.89     0.0445 5.1444e-02    5.80334    33.7041    33.7060    26.2251    1482.72    1482.16 0.0000e+00
       1792     66.000     8.2108     8.2151   3.522125   3.522693     2.6698      96.94     0.0484 5.1471e-02    5.81031    33.7039    33.7059    26.2250    1482.74    1482.17 0.0000e+00
       1814     67.000     8.2098     8.2145   3.522047   3.522665     2.6698      96.99     0.0517 5.1453e-02    5.81259    33.7036    33.7057    26.2249    1482.75    1482.18 0.0000e+00
       1835     68.000     8.2101     8.2146   3.522141   3.522735     2.6694      97.11     0.0517 5.1466e-02    5.80975    33.7038    33.7058    26.2250    1482.77    1482.19 0.0000e+00
       1856     69.000     8.2111     8.2156   3.522322   3.522894     2.6689      97.12     0.0493 5.1464e-02    5.81508    33.7043    33.7061    26.2253    1482.79    1482.19 0.0000e+00
       1878     70.000     8.2157     8.2212   3.522914   3.523623     2.6699      96.28     0.0477 5.1445e-02    5.81439    33.7058    33.7080    26.2257    1482.83    1482.20 0.0000e+00
       1900     71.000     8.2190     8.2231   3.523311   3.523879     2.6685      95.13     0.0461 5.1466e-02    5.79910    33.7063    33.7084    26.2256    1482.86    1482.21 0.0000e+00
       1921     72.000     8.2150     8.2193   3.522902   3.523482     2.6663      95.28     0.0456 5.1466e-02    5.79333    33.7054    33.7074    26.2255    1482.86    1482.22 0.0000e+00
       1942     73.000     8.2189     8.2230   3.523396   3.523976     2.6646      96.29     0.0433 5.1464e-02    5.79825    33.7064    33.7086    26.2257    1482.89    1482.23 0.0000e+00
       1964     74.000     8.2182     8.2237   3.523338   3.524073     2.6646      96.41     0.0432 5.1458e-02    5.81006    33.7060    33.7085    26.2255    1482.90    1482.24 0.0000e+00
       1986     75.000     8.2148     8.2196   3.522989   3.523617     2.6667      95.76     0.0430 5.1473e-02    5.82542    33.7051    33.7071    26.2253    1482.90    1482.25 0.0000e+00
       2008     76.000     8.2134     8.2186   3.522871   3.523570     2.6689      95.71     0.0465 5.1444e-02    5.82635    33.7047    33.7071    26.2252    1482.92    1482.26 0.0000e+00
       2029     77.000     8.2147     8.2190   3.523050   3.523632     2.6694      95.69     0.0478 5.1459e-02    5.81862    33.7049    33.7069    26.2251    1482.94    1482.27 0.0000e+00
       2051     78.000     8.2138     8.2188   3.523002   3.523648     2.6686      95.76     0.0525 5.1444e-02    5.81140    33.7047    33.7068    26.2252    1482.95    1482.28 0.0000e+00
       2072     79.000     8.2132     8.2178   3.522971   3.523603     2.6675      96.60     0.0523 5.1438e-02    5.80936    33.7045    33.7068    26.2251    1482.96    1482.28 0.0000e+00
       2094     80.000     8.2143     8.2198   3.523179   3.523906     2.6664      97.28     0.0491 5.1459e-02    5.80904    33.7052    33.7077    26.2255    1482.98    1482.29 0.0000e+00
       2115     81.000     8.2196     8.2251   3.523837   3.524572     2.6664      97.47     0.0458 5.1453e-02    5.81645    33.7066    33.7092    26.2258    1483.02    1482.30 0.0000e+00
       2136     82.000     8.2213     8.2254   3.524054   3.524606     2.6673      97.48     0.0436 5.1439e-02    5.82178    33.7068    33.7088    26.2257    1483.05    1482.31 0.0000e+00
       2157     83.000     8.2167     8.2212   3.523583   3.524205     2.6678      97.27     0.0451 5.1464e-02    5.81632    33.7058    33.7081    26.2255    1483.04    1482.32 0.0000e+00
       2179     84.000     8.2164     8.2208   3.523601   3.524184     2.6662      95.94     0.0433 5.1464e-02    5.79924    33.7058    33.7078    26.2256    1483.06    1482.33 0.0000e+00
       2201     85.000     8.2184     8.2217   3.523871   3.524325     2.6631      95.74     0.0453 5.1432e-02    5.79354    33.7063    33.7079    26.2257    1483.08    1482.34 0.0000e+00
       2222     86.000     8.2180     8.2244   3.523867   3.524716     2.6621      95.73     0.0463 5.1477e-02    5.80299    33.7061    33.7090    26.2256    1483.10    1482.35 0.0000e+00
       2244     87.000     8.2229     8.2286   3.524428   3.525188     2.6620      95.77     0.0496 5.1487e-02    5.80526    33.7069    33.7095    26.2255    1483.13    1482.36 0.0000e+00
