DigitalOcean/CTDs/sta0325.cnv
* Sea-Bird SBE 9 Data File:
* FileName = C:\Seabird\CTDData\sta0325.hex
* Software Version Seasave V 7.21f
* Temperature SN = 4385
* Conductivity SN = 2140
* Number of Bytes Per Scan = 34
* Number of Voltage Words = 3
* Number of Scans Averaged by the Deck Unit = 1
* NMEA Latitude = 67 07.92 N
* NMEA Longitude = 014 17.18 E
* NMEA UTC (Time) = Dec 02 2017 12:17:58
* NMEA baud rate = 4800
** Ship: 10 F/F "G. O. Sars"
** Station: 0325
** Echodepth: 388
** Log: 2520.02
** Wind-Dir Force: 23 03
** Air-temp (dry): 4.2
** Weather Sky: 2 6
** Sea Ice: 2 0
# nquan = 17                                
# nvalues = 371                         
# units = specified
# name 0 = scan: Scan Count
# name 1 = prDM: Pressure, Digiquartz [db]
# name 2 = t068C: Temperature [ITS-68, deg C]
# name 3 = t168C: Temperature, 2 [ITS-68, deg C]
# name 4 = c0S/m: Conductivity [S/m]
# name 5 = c1S/m: Conductivity, 2 [S/m]
# name 6 = sbeox0V: Oxygen raw, SBE 43 [V]
# name 7 = altM: Altimeter [m]
# name 8 = flC: Fluorescence, Chelsea Aqua 3 Chl Con [ug/l]
# name 9 = par: PAR/Irradiance, Biospherical/Licor
# name 10 = sbeox0ML/L: Oxygen, SBE 43 [ml/l], WS = 2
# name 11 = sal00: Salinity, Practical [PSU]
# name 12 = sal11: Salinity, Practical, 2 [PSU]
# name 13 = sigma-t00: Density [sigma-t, Kg/m^3 ]
# name 14 = svCM: Sound Velocity [Chen-Millero, m/s]
# name 15 = avgsvCM: Average Sound Velocity [Chen-Millero, m/s], minP = 1, minS = 5
# name 16 = flag: flag
# span 0 =       4554,      31922       
# span 1 =      4.000,    374.000       
# span 2 =     7.0592,     9.8081       
# span 3 =     7.0626,     9.8109       
# span 4 =   3.323627,   3.659201       
# span 5 =   3.324254,   3.660070       
# span 6 =     2.3185,     2.7202       
# span 7 =      10.42,      99.06       
# span 8 =     0.0236,     0.0506       
# span 9 = 5.1444e-02, 9.2361e-01       
# span 10 =    5.16391,    6.08211      
# span 11 =    32.4036,    34.5274      
# span 12 =    32.4071,    34.5326      
# span 13 =    25.2570,    27.0365      
# span 14 =    1477.22,    1488.93      
# span 15 =    1478.10,    1484.11      
# span 16 = 0.0000e+00, 0.0000e+00      
# interval = decibars: 1                
# start_time = Dec 02 2017 12:18:00 [System UTC, header]
# bad_flag = -9.990e-29
*END*
[from data line 341]
      28926    345.000     7.0711     7.0743   3.507316   3.508091     2.3487      58.25     0.0305 5.1461e-02    5.23990    34.5264    34.5317    27.0360    1484.00    1482.96 0.0000e+00
      28996    346.000     7.0712     7.0743   3.507370   3.508141     2.3497      41.92     0.0283 5.1471e-02    5.24903    34.5264    34.5317    27.0360    1484.02    1482.97 0.0000e+00
      29067    347.000     7.0713     7.0744   3.507426   3.508196     2.3508      52.49     0.0297 5.1463e-02    5.24464    34.5264    34.5317    27.0360    1484.03    1482.97 0.0000e+00
      29137    348.000     7.0714     7.0746   3.507478   3.508253     2.3485      37.93     0.0264 5.1475e-02    5.23807    34.5264    34.5317    27.0360    1484.05    1482.97 0.0000e+00
      29207    349.000     7.0714     7.0746   3.507534   3.508301     2.3499      83.71     0.0259 5.1464e-02    5.24938    34.5265    34.5317    27.0361    1484.07    1482.97 0.0000e+00
      29279    350.000     7.0715     7.0747   3.507589   3.508357     2.3495      79.08     0.0267 5.1463e-02    5.23979    34.5265    34.5317    27.0361    1484.08    1482.98 0.0000e+00
      29350    351.000     7.0716     7.0748   3.507645   3.508414     2.3479      60.95     0.0292 5.1453e-02    5.24217    34.5266    34.5318    27.0361    1484.10    1482.98 0.0000e+00
      29420    352.000     7.0717     7.0748   3.507703   3.508467     2.3487      51.51     0.0290 5.1461e-02    5.24452    34.5266    34.5319    27.0361    1484.12    1482.98 0.0000e+00
      29490    353.000     7.0718     7.0749   3.507748   3.508519     2.3467      56.33     0.0252 5.1452e-02    5.23186    34.5265    34.5319    27.0361    1484.14    1482.99 0.0000e+00
      29560    354.000     7.0719     7.0750   3.507806   3.508574     2.3429      43.06     0.0260 5.1471e-02    5.22034    34.5266    34.5319    27.0361    1484.15    1482.99 0.0000e+00
      29631    355.000     7.0720     7.0751   3.507862   3.508631     2.3436      70.30     0.0300 5.1469e-02    5.23994    34.5266    34.5319    27.0361    1484.17    1482.99 0.0000e+00
      29702    356.000     7.0720     7.0752   3.507914   3.508682     2.3454      65.63     0.0282 5.1462e-02    5.23812    34.5267    34.5319    27.0362    1484.19    1483.00 0.0000e+00
      29773    357.000     7.0721     7.0752   3.507972   3.508741     2.3443      34.88     0.0308 5.1462e-02    5.23042    34.5267    34.5320    27.0362    1484.20    1483.00 0.0000e+00
      29843    358.000     7.0722     7.0753   3.508022   3.508797     2.3424      45.16     0.0289 5.1474e-02    5.22590    34.5267    34.5321    27.0361    1484.22    1483.00 0.0000e+00
      29913    359.000     7.0722     7.0754   3.508082   3.508851     2.3408      32.80     0.0275 5.1470e-02    5.22116    34.5269    34.5321    27.0363    1484.24    1483.01 0.0000e+00
      29984    360.000     7.0723     7.0754   3.508139   3.508906     2.3388      27.50     0.0277 5.1467e-02    5.21657    34.5269    34.5322    27.0363    1484.25    1483.01 0.0000e+00
      30055    361.000     7.0724     7.0755   3.508186   3.508956     2.3365      30.73     0.0298 5.1475e-02    5.21089    34.5268    34.5322    27.0362    1484.27    1483.01 0.0000e+00
      30125    362.000     7.0724     7.0756   3.508244   3.509013     2.3362      55.94     0.0246 5.1464e-02    5.21605    34.5270    34.5322    27.0363    1484.29    1483.02 0.0000e+00
      30196    363.000     7.0725     7.0756   3.508298   3.509069     2.3356      28.86     0.0276 5.1471e-02    5.21041    34.5270    34.5323    27.0363    1484.30    1483.02 0.0000e+00
      30267    364.000     7.0725     7.0757   3.508353   3.509126     2.3332      27.73     0.0269 5.1459e-02    5.20044    34.5271    34.5324    27.0364    1484.32    1483.03 0.0000e+00
      30337    365.000     7.0726     7.0758   3.508403   3.509177     2.3301      26.72     0.0295 5.1461e-02    5.19215    34.5271    34.5323    27.0364    1484.34    1483.03 0.0000e+00
      30408    366.000     7.0727     7.0758   3.508464   3.509236     2.3295      25.75     0.0317 5.1459e-02    5.20327    34.5271    34.5325    27.0364    1484.35    1483.03 0.0000e+00
      30479    367.000     7.0727     7.0759   3.508515   3.509287     2.3296      24.72     0.0325 5.1463e-02    5.19221    34.5272    34.5325    27.0365    1484.37    1483.04 0.0000e+00
      30550    368.000     7.0729     7.0760   3.508571   3.509338     2.3262      23.74     0.0294 5.1472e-02    5.18419    34.5271    34.5324    27.0364    1484.39    1483.04 0.0000e+00
      30620    369.000     7.0729     7.0760   3.508621   3.509387     2.3255      22.71     0.0298 5.1464e-02    5.18811    34.5272    34.5325    27.0364    1484.40    1483.04 0.0000e+00
      30689    370.000     7.0730     7.0761   3.508674   3.509445     2.3241      21.53     0.0288 5.1467e-02    5.18210    34.5272    34.5325    27.0364    1484.42    1483.05 0.0000e+00
      30761    371.000     7.0730     7.0762   3.508725   3.509494     2.3237      20.74     0.0301 5.1479e-02    5.18256    34.5273    34.5325    27.0365    1484.44    1483.05 0.0000e+00
      30832    372.000     7.0731     7.0762   3.508777   3.509548     2.3219      19.79     0.0314 5.1459e-02    5.17477    34.5273    34.5326    27.0365    1484.45    1483.05 0.0000e+00
      30902    373.000     7.0731     7.0763   3.508831   3.509604     2.3185      18.80     0.0301 5.1454e-02    5.16391    34.5274    34.5326    27.0365    1484.47    1483.06 0.0000e+00
      31922    374.000     7.0739     7.0770   3.508918   3.509684     2.3223      17.57     0.0292 5.1511e-02    5.18790    34.5270    34.5323    27.0362    1484.49    1483.06 0.0000e+00
