DigitalOcean/CTDs/sta0325.cnv
* Sea-Bird SBE 9 Data File:
* FileName = C:\Seabird\CTDData\sta0325.hex
* Software Version Seasave V 7.21f
* Temperature SN = 4385
* Conductivity SN = 2140
* Number of Bytes Per Scan = 34
* Number of Voltage Words = 3
* Number of Scans Averaged by the Deck Unit = 1
* NMEA Latitude = 67 07.92 N
* NMEA Longitude = 014 17.18 E
* NMEA UTC (Time) = Dec 02 2017 12:17:58
* NMEA baud rate = 4800
** Ship: 10 F/F "G. O. Sars"
** Station: 0325
** Echodepth: 388
** Log: 2520.02
** Wind-Dir Force: 23 03
** Air-temp (dry): 4.2
** Weather Sky: 2 6
** Sea Ice: 2 0
# nquan = 17                                
# nvalues = 371                         
# units = specified
# name 0 = scan: Scan Count
# name 1 = prDM: Pressure, Digiquartz [db]
# name 2 = t068C: Temperature [ITS-68, deg C]
# name 3 = t168C: Temperature, 2 [ITS-68, deg C]
# name 4 = c0S/m: Conductivity [S/m]
# name 5 = c1S/m: Conductivity, 2 [S/m]
# name 6 = sbeox0V: Oxygen raw, SBE 43 [V]
# name 7 = altM: Altimeter [m]
# name 8 = flC: Fluorescence, Chelsea Aqua 3 Chl Con [ug/l]
# name 9 = par: PAR/Irradiance, Biospherical/Licor
# name 10 = sbeox0ML/L: Oxygen, SBE 43 [ml/l], WS = 2
# name 11 = sal00: Salinity, Practical [PSU]
# name 12 = sal11: Salinity, Practical, 2 [PSU]
# name 13 = sigma-t00: Density [sigma-t, Kg/m^3 ]
# name 14 = svCM: Sound Velocity [Chen-Millero, m/s]
# name 15 = avgsvCM: Average Sound Velocity [Chen-Millero, m/s], minP = 1, minS = 5
# name 16 = flag: flag
# span 0 =       4554,      31922       
# span 1 =      4.000,    374.000       
# span 2 =     7.0592,     9.8081       
# span 3 =     7.0626,     9.8109       
# span 4 =   3.323627,   3.659201       
# span 5 =   3.324254,   3.660070       
# span 6 =     2.3185,     2.7202       
# span 7 =      10.42,      99.06       
# span 8 =     0.0236,     0.0506       
# span 9 = 5.1444e-02, 9.2361e-01       
# span 10 =    5.16391,    6.08211      
# span 11 =    32.4036,    34.5274      
# span 12 =    32.4071,    34.5326      
# span 13 =    25.2570,    27.0365      
# span 14 =    1477.22,    1488.93      
# span 15 =    1478.10,    1484.11      
# span 16 = 0.0000e+00, 0.0000e+00      
# interval = decibars: 1                
# start_time = Dec 02 2017 12:18:00 [System UTC, header]
# bad_flag = -9.990e-29
*END*
       4554      4.000     8.0600     8.0386   3.387340   3.385508     2.7078      95.12     0.0506 9.2361e-01    5.93016    32.4420    32.4424    25.2570    1479.59    1479.59 0.0000e+00
       4621      5.000     8.0764     8.0876   3.389288   3.390817     2.7012      98.85     0.0432 8.0094e-01    5.91463    32.4471    32.4529    25.2586    1479.68    1479.61 0.0000e+00
       4689      6.000     8.0580     8.0369   3.387477   3.385499     2.7022      98.85     0.0436 6.9333e-01    5.92354    32.4444    32.4429    25.2592    1479.62    1479.61 0.0000e+00
       4761      7.000     7.9282     7.9154   3.374507   3.373737     2.6962      69.57     0.0466 5.9932e-01    5.91773    32.4262    32.4299    25.2636    1479.12    1479.54 0.0000e+00
       4835      8.000     7.8922     7.8954   3.371115   3.371858     2.6972      89.89     0.0411 5.2565e-01    5.94902    32.4230    32.4280    25.2663    1479.00    1479.47 0.0000e+00
       4906      9.000     7.8660     7.8683   3.368824   3.369331     2.6990      98.82     0.0449 4.5984e-01    5.94272    32.4224    32.4257    25.2695    1478.91    1479.41 0.0000e+00
       4979     10.000     7.8277     7.8164   3.365129   3.364380     2.6989      98.55     0.0444 4.1390e-01    5.96230    32.4181    32.4206    25.2716    1478.78    1479.35 0.0000e+00
       5051     11.000     7.8057     7.7829   3.363279   3.361388     2.7027      70.85     0.0441 3.6927e-01    5.97246    32.4183    32.4193    25.2749    1478.71    1479.29 0.0000e+00
       5123     12.000     7.7728     7.7735   3.360092   3.360551     2.7037      98.71     0.0461 3.2729e-01    5.97955    32.4143    32.4186    25.2764    1478.59    1479.23 0.0000e+00
       5195     13.000     7.7485     7.7462   3.357900   3.358053     2.7039      98.68     0.0455 2.9566e-01    5.97649    32.4130    32.4168    25.2788    1478.52    1479.18 0.0000e+00
       5268     14.000     7.6965     7.6930   3.353190   3.353262     2.7005      98.88     0.0450 2.7010e-01    5.98395    32.4104    32.4145    25.2842    1478.33    1479.12 0.0000e+00
       5340     15.000     7.6396     7.6306   3.348127   3.347740     2.7037      61.31     0.0417 2.3982e-01    5.99749    32.4086    32.4129    25.2908    1478.13    1479.05 0.0000e+00
       5413     16.000     7.5747     7.5728   3.342431   3.342586     2.7008      98.89     0.0454 2.1652e-01    5.99694    32.4075    32.4109    25.2989    1477.89    1478.98 0.0000e+00
       5485     17.000     7.5403     7.5444   3.339449   3.340171     2.7016      98.89     0.0433 1.9696e-01    6.01472    32.4070    32.4110    25.3033    1477.78    1478.91 0.0000e+00
       5558     18.000     7.5091     7.5098   3.336820   3.337200     2.7041      98.89     0.0491 1.8058e-01    6.02504    32.4074    32.4108    25.3080    1477.67    1478.84 0.0000e+00
       5630     19.000     7.4868     7.4901   3.334878   3.335486     2.7045      78.66     0.0473 1.6434e-01    6.02386    32.4068    32.4103    25.3106    1477.60    1478.77 0.0000e+00
       5702     20.000     7.4644     7.4647   3.332856   3.333196     2.7035      88.92     0.0474 1.5120e-01    6.02860    32.4055    32.4088    25.3126    1477.53    1478.71 0.0000e+00
       5775     21.000     7.4385     7.4407   3.330536   3.331035     2.7035      98.91     0.0443 1.3740e-01    6.03378    32.4042    32.4075    25.3152    1477.45    1478.65 0.0000e+00
       5847     22.000     7.4183     7.4216   3.328775   3.329385     2.7051      87.78     0.0489 1.2560e-01    6.04217    32.4036    32.4071    25.3175    1477.38    1478.59 0.0000e+00
       5920     23.000     7.3943     7.3969   3.326761   3.327318     2.7067      72.47     0.0460 1.1971e-01    6.05632    32.4038    32.4074    25.3210    1477.31    1478.54 0.0000e+00
       5992     24.000     7.3898     7.3931   3.326784   3.327443     2.7059      98.71     0.0481 1.1001e-01    6.04988    32.4078    32.4118    25.3248    1477.31    1478.49 0.0000e+00
       6065     25.000     7.3802     7.3805   3.326097   3.326425     2.7098      97.50     0.0461 1.0087e-01    6.06404    32.4089    32.4121    25.3269    1477.29    1478.44 0.0000e+00
       6137     26.000     7.3626     7.3677   3.324446   3.325229     2.7061      97.40     0.0459 9.2771e-02    6.04971    32.4070    32.4107    25.3279    1477.24    1478.39 0.0000e+00
       6209     27.000     7.3529     7.3563   3.323627   3.324254     2.7093      70.17     0.0459 8.6161e-02    6.07751    32.4068    32.4104    25.3290    1477.22    1478.35 0.0000e+00
       6281     28.000     7.3680     7.3762   3.325379   3.326546     2.7108      97.09     0.0478 7.9376e-02    6.06518    32.4111    32.4161    25.3304    1477.30    1478.31 0.0000e+00
       6354     29.000     7.3954     7.3989   3.328368   3.329020     2.7099      98.56     0.0482 7.1222e-02    6.06534    32.4173    32.4211    25.3315    1477.43    1478.28 0.0000e+00
       6427     30.000     7.3974     7.4003   3.328666   3.329267     2.7102      65.30     0.0473 6.6588e-02    6.05896    32.4182    32.4220    25.3319    1477.45    1478.25 0.0000e+00
       6499     31.000     7.3828     7.3869   3.327400   3.328099     2.7056      61.25     0.0461 6.1894e-02    6.04449    32.4177    32.4214    25.3335    1477.41    1478.23 0.0000e+00
       6572     32.000     7.3723     7.3730   3.326502   3.326833     2.7063      90.68     0.0466 5.6757e-02    6.07040    32.4174    32.4203    25.3347    1477.39    1478.20 0.0000e+00
       6643     33.000     7.3682     7.3676   3.326175   3.326381     2.7114      89.42     0.0468 5.3970e-02    6.08211    32.4172    32.4200    25.3351    1477.39    1478.17 0.0000e+00
       6716     34.000     7.3812     7.3831   3.327864   3.328372     2.7099      79.34     0.0488 5.1998e-02    6.05511    32.4228    32.4265    25.3378    1477.46    1478.15 0.0000e+00
       6788     35.000     7.3846     7.3872   3.328742   3.329312     2.7046      98.41     0.0463 5.1559e-02    6.05071    32.4287    32.4324    25.3419    1477.50    1478.14 0.0000e+00
       6860     36.000     7.3857     7.3901   3.329378   3.330145     2.7052      96.90     0.0468 5.1774e-02    6.05525    32.4340    32.4382    25.3460    1477.53    1478.12 0.0000e+00
       6932     37.000     7.4027     7.4059   3.331569   3.332194     2.7057      98.50     0.0491 5.1470e-02    6.06207    32.4413    32.4451    25.3493    1477.62    1478.10 0.0000e+00
       7004     38.000     7.5970     7.5033   3.354272   3.344259     2.7079      58.88     0.0463 5.1478e-02    6.04110    32.5037    32.4836    25.3714    1478.46    1478.11 0.0000e+00
       7076     39.000     7.8931     7.8698   3.388083   3.385998     2.7202      75.74     0.0458 5.1450e-02    6.03418    32.5889    32.5884    25.3964    1479.71    1478.15 0.0000e+00
       7148     40.000     7.9724     7.9636   3.396939   3.396356     2.7169      96.47     0.0447 5.1481e-02    5.98188    32.6090    32.6109    25.4007    1480.06    1478.20 0.0000e+00
       7219     41.000     7.9994     7.9990   3.399921   3.400325     2.7094      96.86     0.0489 5.1453e-02    5.95975    32.6151    32.6198    25.4016    1480.18    1478.25 0.0000e+00
       7290     42.000     8.0534     8.0512   3.406099   3.406255     2.7018      74.69     0.0452 5.1467e-02    5.93741    32.6300    32.6337    25.4055    1480.42    1478.30 0.0000e+00
       7361     43.000     8.0778     8.0810   3.408944   3.409622     2.7029      68.52     0.0437 5.1468e-02    5.94585    32.6371    32.6413    25.4075    1480.54    1478.35 0.0000e+00
       7433     44.000     8.1207     8.1179   3.413881   3.413942     2.7025      85.16     0.0416 5.1467e-02    5.93978    32.6491    32.6524    25.4107    1480.73    1478.41 0.0000e+00
       7504     45.000     8.2107     8.2192   3.424281   3.425680     2.7030      98.02     0.0440 5.1453e-02    5.92367    32.6752    32.6821    25.4179    1481.12    1478.47 0.0000e+00
       7576     46.000     8.2811     8.2954   3.432465   3.434640     2.6999      75.29     0.0459 5.1466e-02    5.90641    32.6959    32.7056    25.4237    1481.43    1478.53 0.0000e+00
       7647     47.000     8.4814     8.4986   3.455927   3.458715     2.7019      98.53     0.0457 5.1456e-02    5.88992    32.7568    32.7702    25.4417    1482.28    1478.61 0.0000e+00
       7719     48.000     8.7888     8.8007   3.491865   3.493982     2.7075      98.36     0.0415 5.1454e-02    5.86135    32.8481    32.8592    25.4664    1483.55    1478.71 0.0000e+00
       7792     49.000     8.9792     8.9913   3.514815   3.517200     2.7037      67.05     0.0416 5.1462e-02    5.80730    32.9106    32.9242    25.4859    1484.35    1478.83 0.0000e+00
       7863     50.000     9.0898     9.0952   3.528780   3.530092     2.7012      98.65     0.0402 5.1465e-02    5.77701    32.9529    32.9615    25.5017    1484.83    1478.95 0.0000e+00
       7935     51.000     9.1292     9.1308   3.534699   3.535475     2.6920      98.81     0.0396 5.1478e-02    5.75375    32.9774    32.9840    25.5146    1485.02    1479.07 0.0000e+00
       8007     52.000     9.1846     9.1848   3.542996   3.543558     2.6903      98.78     0.0394 5.1450e-02    5.74992    33.0117    33.0173    25.5327    1485.28    1479.19 0.0000e+00
       8080     53.000     9.2279     9.2321   3.549524   3.550706     2.6942      98.84     0.0394 5.1456e-02    5.76343    33.0387    33.0471    25.5470    1485.49    1479.30 0.0000e+00
       8152     54.000     9.2707     9.2719   3.554991   3.555680     2.6971      84.77     0.0388 5.1472e-02    5.75943    33.0552    33.0612    25.5530    1485.69    1479.42 0.0000e+00
       8224     55.000     9.2953     9.2989   3.557964   3.558922     2.6957      85.08     0.0357 5.1462e-02    5.73949    33.0627    33.0693    25.5550    1485.80    1479.54 0.0000e+00
       8297     56.000     9.3138     9.3154   3.560103   3.560835     2.6898      98.78     0.0378 5.1464e-02    5.72582    33.0672    33.0733    25.5556    1485.89    1479.65 0.0000e+00
       8370     57.000     9.3417     9.3447   3.563289   3.564222     2.6889      96.31     0.0354 5.1470e-02    5.72963    33.0739    33.0807    25.5563    1486.02    1479.76 0.0000e+00
       8443     58.000     9.3748     9.3780   3.567298   3.568244     2.6927      64.32     0.0397 5.1468e-02    5.73522    33.0842    33.0910    25.5590    1486.17    1479.87 0.0000e+00
       8515     59.000     9.4042     9.4072   3.571019   3.571924     2.6894      98.25     0.0379 5.1475e-02    5.71071    33.0949    33.1015    25.5627    1486.31    1479.98 0.0000e+00
       8586     60.000     9.4528     9.4535   3.577222   3.578038     2.6850      98.65     0.0395 5.1454e-02    5.69796    33.1134    33.1212    25.5693    1486.52    1480.09 0.0000e+00
       8659     61.000     9.5487     9.5540   3.589418   3.590732     2.6839      71.49     0.0365 5.1460e-02    5.68094    33.1497    33.1583    25.5822    1486.94    1480.20 0.0000e+00
       8731     62.000     9.5729     9.5754   3.592936   3.593902     2.6790      98.73     0.0380 5.1456e-02    5.66983    33.1631    33.1707    25.5887    1487.06    1480.31 0.0000e+00
       8803     63.000     9.5725     9.5757   3.593859   3.594735     2.6825      98.81     0.0372 5.1448e-02    5.67911    33.1725    33.1785    25.5961    1487.08    1480.42 0.0000e+00
       8876     64.000     9.4550     9.4599   3.582196   3.582890     2.6769      67.88     0.0357 5.1466e-02    5.66594    33.1608    33.1634    25.6060    1486.66    1480.52 0.0000e+00
       8948     65.000     9.3732     9.3752   3.574959   3.575551     2.6732      93.46     0.0357 5.1455e-02    5.68814    33.1615    33.1658    25.6198    1486.37    1480.61 0.0000e+00
       9020     66.000     9.4274     9.4273   3.583211   3.583774     2.6808      98.53     0.0380 5.1452e-02    5.71812    33.1959    33.2018    25.6379    1486.63    1480.70 0.0000e+00
       9092     67.000     9.4508     9.4532   3.586263   3.587080     2.6903      98.87     0.0356 5.1456e-02    5.72097    33.2052    33.2114    25.6414    1486.74    1480.79 0.0000e+00
       9164     68.000     9.4596     9.4630   3.587561   3.588560     2.6904      98.90     0.0376 5.1462e-02    5.72309    33.2099    33.2171    25.6437    1486.80    1480.87 0.0000e+00
       9235     69.000     9.4699     9.4725   3.589043   3.589930     2.6924      98.90     0.0381 5.1452e-02    5.71832    33.2152    33.2219    25.6461    1486.86    1480.96 0.0000e+00
       9307     70.000     9.4920     9.4950   3.591978   3.592930     2.6899      66.18     0.0362 5.1456e-02    5.71160    33.2245    33.2315    25.6498    1486.97    1481.05 0.0000e+00
       9379     71.000     9.5117     9.5148   3.594538   3.595510     2.6879      98.81     0.0375 5.1457e-02    5.69888    33.2321    33.2392    25.6526    1487.07    1481.13 0.0000e+00
       9451     72.000     9.5939     9.5981   3.604935   3.606158     2.6847      98.81     0.0365 5.1460e-02    5.68416    33.2623    33.2710    25.6628    1487.42    1481.22 0.0000e+00
       9523     73.000     9.6532     9.6562   3.612709   3.613688     2.6785      98.85     0.0363 5.1468e-02    5.64486    33.2867    33.2939    25.6721    1487.68    1481.31 0.0000e+00
       9594     74.000     9.6349     9.6367   3.611131   3.611850     2.6734      98.91     0.0371 5.1457e-02    5.64630    33.2870    33.2927    25.6754    1487.63    1481.39 0.0000e+00
       9666     75.000     9.6268     9.6282   3.610888   3.611728     2.6717      76.72     0.0369 5.1464e-02    5.64264    33.2915    33.2989    25.6803    1487.62    1481.47 0.0000e+00
       9738     76.000     9.7170     9.7194   3.622477   3.623455     2.6692      91.90     0.0336 5.1479e-02    5.63303    33.3263    33.3341    25.6926    1488.01    1481.56 0.0000e+00
       9809     77.000     9.7468     9.7496   3.626803   3.627739     2.6679      98.89     0.0356 5.1462e-02    5.60688    33.3425    33.3495    25.7003    1488.16    1481.64 0.0000e+00
       9881     78.000     9.7473     9.7500   3.627010   3.627897     2.6577      86.12     0.0368 5.1466e-02    5.58621    33.3437    33.3503    25.7012    1488.18    1481.73 0.0000e+00
       9953     79.000     9.7564     9.7595   3.628267   3.629273     2.6561      72.69     0.0336 5.1457e-02    5.59079    33.3477    33.3551    25.7028    1488.23    1481.81 0.0000e+00
      10025     80.000     9.7806     9.7833   3.631762   3.632697     2.6539      99.06     0.0347 5.1456e-02    5.57527    33.3605    33.3676    25.7088    1488.35    1481.89 0.0000e+00
      10097     81.000     9.7787     9.7818   3.632043   3.632969     2.6505      98.86     0.0339 5.1460e-02    5.57063    33.3647    33.3713    25.7124    1488.36    1481.97 0.0000e+00
      10169     82.000     9.7658     9.7687   3.630851   3.631746     2.6476      50.99     0.0337 5.1480e-02    5.56853    33.3640    33.3705    25.7140    1488.33    1482.05 0.0000e+00
      10241     83.000     9.7598     9.7622   3.630595   3.631436     2.6519      76.81     0.0375 5.1466e-02    5.59194    33.3665    33.3729    25.7170    1488.33    1482.12 0.0000e+00
      10313     84.000     9.7360     9.7390   3.629722   3.630677     2.6536      98.20     0.0345 5.1456e-02    5.58701    33.3792    33.3862    25.7308    1488.28    1482.20 0.0000e+00
      10385     85.000     9.7189     9.7217   3.631178   3.632085     2.6523      63.57     0.0356 5.1470e-02    5.58587    33.4095    33.4162    25.7573    1488.27    1482.27 0.0000e+00
      10458     86.000     9.7414     9.7444   3.637827   3.638889     2.6524      94.62     0.0358 5.1466e-02    5.59077    33.4562    33.4643    25.7901    1488.42    1482.34 0.0000e+00
      10530     87.000     9.7525     9.7553   3.641285   3.642245     2.6525      98.13     0.0348 5.1454e-02    5.57749    33.4809    33.4881    25.8075    1488.51    1482.41 0.0000e+00
      10601     88.000     9.7710     9.7740   3.645662   3.646645     2.6494      88.18     0.0351 5.1462e-02    5.56317    33.5080    33.5152    25.8256    1488.63    1482.48 0.0000e+00
