DigitalOcean/CTDs/sta0318.cnv
* Sea-Bird SBE 9 Data File:
* FileName = C:\Seabird\CTDData\sta0318.hex
* Software Version Seasave V 7.21f
* Temperature SN = 4385
* Conductivity SN = 2140
* Number of Bytes Per Scan = 34
* Number of Voltage Words = 3
* Number of Scans Averaged by the Deck Unit = 1
* NMEA Latitude = 70 07.46 N
* NMEA Longitude = 020 59.65 E
* NMEA UTC (Time) = Nov 22 2017 11:49:22
* NMEA baud rate = 4800
** Ship: 10 F/F "G. O. Sars"
** Station: 0318
** Echodepth: 263
** Log: 1259.6
** Wind-Dir Force: 14 16
** Air-temp (dry): -1.9
** Weather Sky: 2 6
** Sea Ice: 2 0
# nquan = 17                                
# nvalues = 250                         
# units = specified
# name 0 = scan: Scan Count
# name 1 = prDM: Pressure, Digiquartz [db]
# name 2 = t068C: Temperature [ITS-68, deg C]
# name 3 = t168C: Temperature, 2 [ITS-68, deg C]
# name 4 = c0S/m: Conductivity [S/m]
# name 5 = c1S/m: Conductivity, 2 [S/m]
# name 6 = sbeox0V: Oxygen raw, SBE 43 [V]
# name 7 = altM: Altimeter [m]
# name 8 = flC: Fluorescence, Chelsea Aqua 3 Chl Con [ug/l]
# name 9 = par: PAR/Irradiance, Biospherical/Licor
# name 10 = sbeox0ML/L: Oxygen, SBE 43 [ml/l], WS = 2
# name 11 = sal00: Salinity, Practical [PSU]
# name 12 = sal11: Salinity, Practical, 2 [PSU]
# name 13 = sigma-t00: Density [sigma-t, Kg/m^3 ]
# name 14 = svCM: Sound Velocity [Chen-Millero, m/s]
# name 15 = avgsvCM: Average Sound Velocity [Chen-Millero, m/s], minP = 1, minS = 5
# name 16 = flag: flag
# span 0 =        423,       5832       
# span 1 =      3.000,    252.000       
# span 2 =     6.5754,     8.3563       
# span 3 =     6.5796,     8.3565       
# span 4 =   3.469395,   3.547110       
# span 5 =   3.470035,   3.548003       
# span 6 =     2.4643,     2.6938       
# span 7 =      12.80,      99.40       
# span 8 =     0.0212,     0.0534       
# span 9 = 5.1418e-02, 2.5554e+00       
# span 10 =    5.56190,    5.84867      
# span 11 =    33.7005,    34.6542      
# span 12 =    33.7014,    34.6572      
# span 13 =    26.2249,    27.2044      
# span 14 =    1480.62,    1483.98      
# span 15 =    1481.57,    1482.76      
# span 16 = 0.0000e+00, 0.0000e+00      
# interval = decibars: 1                
# start_time = Nov 22 2017 11:49:25 [System UTC, header]
# bad_flag = -9.990e-29
*END*
[from data line 171]
       4087    174.000     7.2507     7.2546   3.515865   3.516517     2.5356      98.87     0.0280 5.1471e-02    5.61527    34.5241    34.5274    27.0091    1481.88    1482.67 0.0000e+00
       4109    175.000     7.2293     7.2347   3.514729   3.515435     2.5332      98.88     0.0286 5.1473e-02    5.60808    34.5326    34.5349    27.0188    1481.82    1482.67 0.0000e+00
       4130    176.000     7.2092     7.2144   3.513448   3.514148     2.5319      81.65     0.0327 5.1464e-02    5.61675    34.5382    34.5406    27.0260    1481.77    1482.66 0.0000e+00
       4152    177.000     7.1693     7.1705   3.510924   3.511349     2.5316      77.86     0.0313 5.1439e-02    5.62602    34.5499    34.5534    27.0409    1481.65    1482.66 0.0000e+00
       4172    178.000     7.1490     7.1552   3.509632   3.510381     2.5312      98.63     0.0295 5.1447e-02    5.62368    34.5556    34.5576    27.0482    1481.59    1482.65 0.0000e+00
       4193    179.000     7.1402     7.1437   3.509094   3.509654     2.5303      98.88     0.0318 5.1473e-02    5.62492    34.5580    34.5606    27.0513    1481.58    1482.64 0.0000e+00
       4214    180.000     7.1255     7.1276   3.507945   3.508387     2.5300      98.88     0.0290 5.1466e-02    5.62669    34.5596    34.5624    27.0547    1481.54    1482.64 0.0000e+00
       4235    181.000     7.1093     7.1147   3.506633   3.507351     2.5291      98.87     0.0267 5.1445e-02    5.61596    34.5610    34.5635    27.0580    1481.50    1482.63 0.0000e+00
       4256    182.000     7.1046     7.1097   3.506390   3.507071     2.5259      98.87     0.0249 5.1439e-02    5.60185    34.5625    34.5649    27.0599    1481.50    1482.63 0.0000e+00
       4277    183.000     7.0857     7.0895   3.505276   3.505903     2.5234      98.88     0.0252 5.1467e-02    5.59849    34.5688    34.5718    27.0674    1481.45    1482.62 0.0000e+00
       4299    184.000     7.0676     7.0724   3.504159   3.504826     2.5200      56.47     0.0236 5.1464e-02    5.59794    34.5741    34.5767    27.0742    1481.40    1482.61 0.0000e+00
       4320    185.000     7.0444     7.0490   3.502596   3.503232     2.5195      98.98     0.0283 5.1466e-02    5.61164    34.5798    34.5821    27.0818    1481.33    1482.61 0.0000e+00
       4341    186.000     7.0240     7.0285   3.501337   3.501960     2.5189      98.87     0.0281 5.1453e-02    5.61343    34.5859    34.5882    27.0895    1481.28    1482.60 0.0000e+00
       4362    187.000     7.0076     7.0119   3.500172   3.500762     2.5182      98.87     0.0297 5.1462e-02    5.60618    34.5890    34.5912    27.0942    1481.24    1482.59 0.0000e+00
       4382    188.000     7.0053     7.0099   3.500051   3.500694     2.5158      98.87     0.0269 5.1452e-02    5.59271    34.5895    34.5920    27.0949    1481.24    1482.58 0.0000e+00
       4403    189.000     7.0021     7.0067   3.499871   3.500524     2.5132      98.87     0.0271 5.1453e-02    5.59150    34.5903    34.5928    27.0960    1481.25    1482.58 0.0000e+00
       4425    190.000     7.0008     7.0054   3.499843   3.500493     2.5120      98.87     0.0286 5.1468e-02    5.60533    34.5908    34.5933    27.0965    1481.26    1482.57 0.0000e+00
       4447    191.000     6.9959     7.0006   3.499506   3.500186     2.5134      98.87     0.0282 5.1445e-02    5.61798    34.5915    34.5942    27.0978    1481.26    1482.56 0.0000e+00
       4468    192.000     6.9923     6.9965   3.499320   3.499944     2.5142      98.87     0.0264 5.1467e-02    5.61091    34.5926    34.5952    27.0991    1481.26    1482.56 0.0000e+00
       4490    193.000     6.9908     6.9956   3.499250   3.499913     2.5130      71.41     0.0274 5.1464e-02    5.60297    34.5928    34.5953    27.0995    1481.27    1482.55 0.0000e+00
       4511    194.000     6.9891     6.9937   3.499159   3.499829     2.5123      98.98     0.0291 5.1446e-02    5.60386    34.5930    34.5958    27.0999    1481.28    1482.54 0.0000e+00
       4532    195.000     6.9875     6.9920   3.499141   3.499812     2.5117      98.87     0.0288 5.1446e-02    5.60108    34.5939    34.5968    27.1009    1481.30    1482.54 0.0000e+00
       4553    196.000     6.9877     6.9926   3.499464   3.500194     2.5103      98.87     0.0308 5.1467e-02    5.59198    34.5968    34.5999    27.1031    1481.32    1482.53 0.0000e+00
       4574    197.000     6.9934     6.9979   3.500490   3.501161     2.5084      98.86     0.0280 5.1466e-02    5.58857    34.6019    34.6047    27.1063    1481.36    1482.52 0.0000e+00
       4595    198.000     6.9913     6.9960   3.500586   3.501289     2.5077      98.87     0.0285 5.1451e-02    5.59704    34.6045    34.6075    27.1087    1481.37    1482.52 0.0000e+00
       4617    199.000     6.9825     6.9872   3.499857   3.500548     2.5079      98.87     0.0292 5.1459e-02    5.60187    34.6048    34.6077    27.1102    1481.36    1482.51 0.0000e+00
       4638    200.000     6.9567     6.9657   3.497655   3.498720     2.5080      98.87     0.0264 5.1459e-02    5.61067    34.6060    34.6087    27.1147    1481.27    1482.51 0.0000e+00
       4660    201.000     6.9274     6.9312   3.495129   3.495724     2.5092      98.87     0.0264 5.1458e-02    5.62081    34.6072    34.6099    27.1196    1481.18    1482.50 0.0000e+00
       4682    202.000     6.9237     6.9279   3.494933   3.495561     2.5101      98.87     0.0241 5.1444e-02    5.62282    34.6083    34.6110    27.1209    1481.18    1482.49 0.0000e+00
       4703    203.000     6.9220     6.9266   3.494873   3.495534     2.5105      98.87     0.0245 5.1504e-02    5.61301    34.6088    34.6115    27.1216    1481.19    1482.49 0.0000e+00
       4725    204.000     6.9180     6.9225   3.494619   3.495271     2.5084      98.87     0.0250 5.1480e-02    5.59825    34.6095    34.6122    27.1227    1481.19    1482.48 0.0000e+00
       4746    205.000     6.9120     6.9164   3.494182   3.494815     2.5063      98.87     0.0254 5.1445e-02    5.59800    34.6103    34.6128    27.1241    1481.19    1482.47 0.0000e+00
       4768    206.000     6.8976     6.9004   3.492940   3.493456     2.5050      66.16     0.0260 5.1458e-02    5.60441    34.6106    34.6134    27.1264    1481.15    1482.47 0.0000e+00
       4790    207.000     6.8862     6.8905   3.492004   3.492646     2.5053      76.75     0.0265 5.1471e-02    5.61714    34.6112    34.6140    27.1284    1481.12    1482.46 0.0000e+00
       4812    208.000     6.8814     6.8853   3.491588   3.492159     2.5061      76.59     0.0284 5.1444e-02    5.62541    34.6110    34.6133    27.1289    1481.12    1482.46 0.0000e+00
       4834    209.000     6.8665     6.8717   3.490068   3.490784     2.5075      88.49     0.0266 5.1443e-02    5.62679    34.6087    34.6114    27.1292    1481.07    1482.45 0.0000e+00
       4856    210.000     6.8585     6.8628   3.489365   3.489986     2.5076      77.13     0.0244 5.1459e-02    5.63071    34.6085    34.6110    27.1301    1481.06    1482.44 0.0000e+00
       4878    211.000     6.8367     6.8391   3.487397   3.487867     2.5085      98.81     0.0244 5.1456e-02    5.63233    34.6082    34.6110    27.1329    1480.99    1482.44 0.0000e+00
       4900    212.000     6.8197     6.8236   3.485942   3.486521     2.5079      98.86     0.0271 5.1438e-02    5.62109    34.6088    34.6113    27.1356    1480.94    1482.43 0.0000e+00
       4922    213.000     6.7913     6.7939   3.483358   3.483792     2.5051      98.86     0.0302 5.1481e-02    5.59988    34.6084    34.6105    27.1392    1480.85    1482.42 0.0000e+00
       4944    214.000     6.7587     6.7622   3.480863   3.481410     2.5005      42.25     0.0270 5.1458e-02    5.59611    34.6131    34.6157    27.1473    1480.74    1482.41 0.0000e+00
       4965    215.000     6.7508     6.7550   3.480385   3.480972     2.4984      65.57     0.0257 5.1459e-02    5.60020    34.6153    34.6176    27.1501    1480.73    1482.41 0.0000e+00
       4986    216.000     6.7491     6.7536   3.480353   3.480975     2.4957      98.30     0.0249 5.1466e-02    5.58262    34.6162    34.6185    27.1511    1480.74    1482.40 0.0000e+00
       5007    217.000     6.7442     6.7491   3.480144   3.480807     2.4912      98.86     0.0240 5.1446e-02    5.57216    34.6183    34.6207    27.1534    1480.74    1482.39 0.0000e+00
       5028    218.000     6.7398     6.7452   3.480044   3.480795     2.4888      98.86     0.0238 5.1460e-02    5.58394    34.6211    34.6240    27.1562    1480.74    1482.38 0.0000e+00
       5049    219.000     6.7436     6.7484   3.480670   3.481353     2.4885      98.86     0.0290 5.1484e-02    5.58871    34.6237    34.6264    27.1578    1480.78    1482.37 0.0000e+00
       5072    220.000     6.7451     6.7496   3.480970   3.481612     2.4874      98.86     0.0296 5.1458e-02    5.57957    34.6250    34.6276    27.1586    1480.80    1482.37 0.0000e+00
       5093    221.000     6.7420     6.7465   3.481271   3.481915     2.4859      28.13     0.0320 5.1484e-02    5.58532    34.6310    34.6336    27.1637    1480.82    1482.36 0.0000e+00
       5115    222.000     6.7435     6.7483   3.481955   3.482675     2.4869      71.72     0.0345 5.1477e-02    5.59678    34.6366    34.6397    27.1679    1480.84    1482.35 0.0000e+00
       5137    223.000     6.7438     6.7493   3.482117   3.482848     2.4873      82.24     0.0358 5.1477e-02    5.58937    34.6376    34.6401    27.1686    1480.86    1482.35 0.0000e+00
       5159    224.000     6.7385     6.7429   3.481783   3.482443     2.4866      41.78     0.0310 5.1459e-02    5.58443    34.6387    34.6416    27.1703    1480.86    1482.34 0.0000e+00
       5180    225.000     6.7296     6.7340   3.481163   3.481820     2.4854      40.54     0.0267 5.1444e-02    5.58682    34.6403    34.6432    27.1727    1480.84    1482.33 0.0000e+00
       5202    226.000     6.7318     6.7367   3.481632   3.482317     2.4859      39.65     0.0248 5.1473e-02    5.59368    34.6428    34.6454    27.1744    1480.87    1482.33 0.0000e+00
       5223    227.000     6.7330     6.7375   3.481927   3.482620     2.4858      38.41     0.0256 5.1471e-02    5.58775    34.6444    34.6475    27.1755    1480.90    1482.32 0.0000e+00
       5245    228.000     6.7270     6.7309   3.481765   3.482313     2.4846      37.39     0.0280 5.1458e-02    5.57690    34.6481    34.6503    27.1792    1480.89    1482.31 0.0000e+00
       5267    229.000     6.7228     6.7276   3.481568   3.482251     2.4824      36.45     0.0233 5.1500e-02    5.57028    34.6497    34.6524    27.1810    1480.90    1482.31 0.0000e+00
       5289    230.000     6.7208     6.7287   3.481405   3.482323     2.4811      35.55     0.0212 5.1451e-02    5.57984    34.6494    34.6516    27.1811    1480.90    1482.30 0.0000e+00
       5311    231.000     6.7175     6.7225   3.481175   3.481885     2.4817      34.47     0.0248 5.1443e-02    5.58665    34.6497    34.6525    27.1818    1480.91    1482.30 0.0000e+00
       5334    232.000     6.7180     6.7226   3.481289   3.481950     2.4811      33.54     0.0267 5.1468e-02    5.57405    34.6500    34.6526    27.1819    1480.93    1482.29 0.0000e+00
       5356    233.000     6.7120     6.7180   3.480757   3.481582     2.4792      32.54     0.0277 5.1464e-02    5.57451    34.6496    34.6527    27.1825    1480.92    1482.28 0.0000e+00
       5378    234.000     6.7060     6.7110   3.480279   3.481031     2.4798      31.70     0.0253 5.1458e-02    5.59194    34.6499    34.6532    27.1835    1480.91    1482.28 0.0000e+00
       5400    235.000     6.6946     6.6994   3.479385   3.480064     2.4811      30.40     0.0251 5.1458e-02    5.59715    34.6510    34.6537    27.1859    1480.89    1482.27 0.0000e+00
       5422    236.000     6.6851     6.6902   3.478672   3.479375     2.4821      29.49     0.0235 5.1458e-02    5.59623    34.6522    34.6548    27.1881    1480.87    1482.27 0.0000e+00
       5444    237.000     6.6753     6.6796   3.477774   3.478419     2.4815      28.35     0.0268 5.1464e-02    5.58816    34.6517    34.6545    27.1890    1480.84    1482.26 0.0000e+00
       5467    238.000     6.6641     6.6694   3.476831   3.477538     2.4804      27.44     0.0293 5.1484e-02    5.57820    34.6520    34.6545    27.1908    1480.82    1482.25 0.0000e+00
       5488    239.000     6.6588     6.6631   3.476408   3.477048     2.4774      26.37     0.0297 5.1458e-02    5.56784    34.6522    34.6549    27.1917    1480.81    1482.25 0.0000e+00
       5510    240.000     6.6534     6.6578   3.475976   3.476610     2.4758      25.41     0.0314 5.1458e-02    5.57535    34.6524    34.6549    27.1925    1480.81    1482.24 0.0000e+00
       5532    241.000     6.6425     6.6470   3.475042   3.475704     2.4751      24.38     0.0315 5.1471e-02    5.57841    34.6525    34.6553    27.1941    1480.78    1482.24 0.0000e+00
       5554    242.000     6.6262     6.6337   3.473625   3.474557     2.4740      23.33     0.0249 5.1451e-02    5.56962    34.6528    34.6555    27.1965    1480.74    1482.23 0.0000e+00
       5576    243.000     6.6078     6.6134   3.471991   3.472745     2.4717      22.31     0.0242 5.1466e-02    5.56496    34.6528    34.6555    27.1990    1480.68    1482.22 0.0000e+00
       5597    244.000     6.5938     6.5983   3.470750   3.471398     2.4701      21.32     0.0253 5.1473e-02    5.56804    34.6526    34.6553    27.2008    1480.64    1482.22 0.0000e+00
       5618    245.000     6.5858     6.5900   3.470075   3.470679     2.4690      20.20     0.0283 5.1460e-02    5.56857    34.6527    34.6552    27.2019    1480.63    1482.21 0.0000e+00
       5639    246.000     6.5791     6.5848   3.469517   3.470272     2.4678      19.16     0.0276 5.1439e-02    5.56532    34.6528    34.6554    27.2029    1480.62    1482.20 0.0000e+00
       5661    247.000     6.5768     6.5812   3.469395   3.470035     2.4665      18.28     0.0287 5.1443e-02    5.56757    34.6533    34.6560    27.2036    1480.63    1482.20 0.0000e+00
       5683    248.000     6.5771     6.5819   3.469474   3.470143     2.4665      17.31     0.0306 5.1446e-02    5.57322    34.6534    34.6560    27.2036    1480.64    1482.19 0.0000e+00
       5704    249.000     6.5784     6.5832   3.469622   3.470286     2.4663      16.35     0.0309 5.1453e-02    5.57150    34.6532    34.6557    27.2033    1480.66    1482.19 0.0000e+00
       5725    250.000     6.5781     6.5834   3.469633   3.470358     2.4660      15.33     0.0307 5.1453e-02    5.56611    34.6531    34.6558    27.2033    1480.68    1482.18 0.0000e+00
       5747    251.000     6.5754     6.5796   3.469522   3.470184     2.4645      14.32     0.0310 5.1444e-02    5.56190    34.6541    34.6572    27.2044    1480.69    1482.17 0.0000e+00
       5832    252.000     6.5795     6.5874   3.469942   3.470911     2.4643      12.80     0.0307 5.1460e-02    5.57554    34.6542    34.6569    27.2039    1480.72    1482.17 0.0000e+00
