DigitalOcean/CTDs/sta0319.cnv
* Sea-Bird SBE 9 Data File:
* FileName = C:\Seabird\CTDData\sta0319.hex
* Software Version Seasave V 7.21f
* Temperature SN = 4385
* Conductivity SN = 2140
* Number of Bytes Per Scan = 34
* Number of Voltage Words = 3
* Number of Scans Averaged by the Deck Unit = 1
* NMEA Latitude = 66 36.75 N
* NMEA Longitude = 006 37.61 E
* NMEA UTC (Time) = Nov 29 2017 11:58:28
* NMEA baud rate = 4800
** Ship: 10 F/F "G. O. Sars"
** Station: 0319
** Echodepth: 727
** Log: 2214.88
** Wind-Dir Force: 34 14
** Air-temp (dry): 0.2
** Weather Sky: 2 6
** Sea Ice: 2 0
# nquan = 17                                
# nvalues = 707                         
# units = specified
# name 0 = scan: Scan Count
# name 1 = prDM: Pressure, Digiquartz [db]
# name 2 = t068C: Temperature [ITS-68, deg C]
# name 3 = t168C: Temperature, 2 [ITS-68, deg C]
# name 4 = c0S/m: Conductivity [S/m]
# name 5 = c1S/m: Conductivity, 2 [S/m]
# name 6 = sbeox0V: Oxygen raw, SBE 43 [V]
# name 7 = altM: Altimeter [m]
# name 8 = flC: Fluorescence, Chelsea Aqua 3 Chl Con [ug/l]
# name 9 = par: PAR/Irradiance, Biospherical/Licor
# name 10 = sbeox0ML/L: Oxygen, SBE 43 [ml/l], WS = 2
# name 11 = sal00: Salinity, Practical [PSU]
# name 12 = sal11: Salinity, Practical, 2 [PSU]
# name 13 = sigma-t00: Density [sigma-t, Kg/m^3 ]
# name 14 = svCM: Sound Velocity [Chen-Millero, m/s]
# name 15 = avgsvCM: Average Sound Velocity [Chen-Millero, m/s], minP = 1, minS = 5
# name 16 = flag: flag
# span 0 =         -7,      17130       
# span 1 =      9.000,    715.000       
# span 2 =    -0.7606,     8.1483       
# span 3 =    -0.7248,     8.1528       
# span 4 =   2.864605,   3.652222       
# span 5 =   2.871123,   3.653968       
# span 6 =     2.2045,     2.7504       
# span 7 =      20.32,      98.93       
# span 8 =     0.0061,     0.0556       
# span 9 = 5.1409e-02, 1.7018e+00       
# span 10 =    5.73787,    6.45600      
# span 11 =    34.9203,    35.1533      
# span 12 =    34.9044,    35.1663      
# span 13 =    27.2930,    28.0796      
# span 14 =    1456.90,    1485.76      
# span 15 =    1475.67,    1484.33      
# span 16 = 0.0000e+00, 0.0000e+00      
# interval = decibars: 1                
# start_time = Nov 29 2017 11:58:30 [System UTC, header]
# bad_flag = -9.990e-29
*END*
[from data line 596]
      14347    605.000    -0.0972    -0.0910   2.917190   2.918021     2.3094      98.92     0.0136 5.1464e-02    6.44031    34.9236    34.9276    28.0498    1458.47    1479.04 0.0000e+00
      14369    606.000    -0.1101    -0.1038   2.916100   2.916957     2.3079      98.92     0.0153 5.1475e-02    6.44860    34.9232    34.9274    28.0502    1458.43    1479.01 0.0000e+00
      14392    607.000    -0.1187    -0.1124   2.915423   2.916280     2.3066      98.93     0.0177 5.1477e-02    6.44674    34.9234    34.9276    28.0508    1458.41    1478.98 0.0000e+00
      14413    608.000    -0.1276    -0.1212   2.914688   2.915543     2.3052      98.92     0.0193 5.1459e-02    6.44331    34.9232    34.9273    28.0511    1458.38    1478.94 0.0000e+00
      14434    609.000    -0.1521    -0.1460   2.912622   2.913430     2.3040      98.92     0.0158 5.1469e-02    6.44367    34.9231    34.9268    28.0522    1458.28    1478.91 0.0000e+00
      14453    610.000    -0.1720    -0.1659   2.910977   2.911782     2.3026      98.92     0.0179 5.1464e-02    6.43968    34.9233    34.9270    28.0534    1458.21    1478.87 0.0000e+00
      14473    611.000    -0.1812    -0.1753   2.910239   2.911041     2.3010      98.92     0.0158 5.1446e-02    6.43369    34.9233    34.9273    28.0540    1458.18    1478.84 0.0000e+00
      14494    612.000    -0.1879    -0.1820   2.909697   2.910518     2.2990      98.92     0.0170 5.1457e-02    6.43249    34.9232    34.9274    28.0542    1458.17    1478.80 0.0000e+00
      14516    613.000    -0.1912    -0.1850   2.909458   2.910313     2.2978      98.92     0.0178 5.1451e-02    6.43800    34.9232    34.9275    28.0543    1458.17    1478.77 0.0000e+00
      14538    614.000    -0.2121    -0.2064   2.907661   2.908477     2.2969      98.92     0.0159 5.1459e-02    6.44383    34.9225    34.9268    28.0548    1458.09    1478.74 0.0000e+00
      14558    615.000    -0.2348    -0.2289   2.905808   2.906624     2.2962      98.92     0.0145 5.1461e-02    6.44627    34.9231    34.9272    28.0565    1458.00    1478.70 0.0000e+00
      14578    616.000    -0.2398    -0.2338   2.905404   2.906242     2.2953      98.92     0.0142 5.1464e-02    6.43744    34.9228    34.9271    28.0565    1457.99    1478.67 0.0000e+00
      14598    617.000    -0.2613    -0.2551   2.903573   2.904415     2.2940      98.92     0.0103 5.1453e-02    6.43500    34.9224    34.9265    28.0572    1457.91    1478.63 0.0000e+00
      14620    618.000    -0.2791    -0.2730   2.902140   2.902955     2.2924      98.92     0.0111 5.1456e-02    6.43415    34.9230    34.9269    28.0586    1457.85    1478.60 0.0000e+00
      14643    619.000    -0.2801    -0.2740   2.902086   2.902929     2.2910      98.92     0.0117 5.1458e-02    6.43170    34.9228    34.9271    28.0585    1457.86    1478.57 0.0000e+00
      14664    620.000    -0.2838    -0.2781   2.901798   2.902621     2.2895      98.92     0.0116 5.1454e-02    6.42713    34.9226    34.9270    28.0585    1457.86    1478.53 0.0000e+00
      14684    621.000    -0.2985    -0.2925   2.900583   2.901408     2.2883      98.92     0.0109 5.1454e-02    6.43000    34.9226    34.9267    28.0592    1457.80    1478.50 0.0000e+00
      14703    622.000    -0.3098    -0.3036   2.899620   2.900467     2.2873      98.92     0.0139 5.1486e-02    6.42772    34.9220    34.9262    28.0594    1457.77    1478.46 0.0000e+00
      14726    623.000    -0.3298    -0.3225   2.897897   2.898846     2.2859      98.92     0.0168 5.1467e-02    6.42651    34.9213    34.9256    28.0597    1457.69    1478.43 0.0000e+00
      14751    624.000    -0.3397    -0.3333   2.897142   2.898011     2.2842      98.92     0.0184 5.1454e-02    6.42418    34.9219    34.9262    28.0607    1457.66    1478.40 0.0000e+00
      14773    625.000    -0.3419    -0.3360   2.897012   2.897831     2.2833      98.92     0.0165 5.1453e-02    6.42885    34.9221    34.9262    28.0610    1457.67    1478.36 0.0000e+00
      14792    626.000    -0.3452    -0.3392   2.896784   2.897619     2.2826      98.92     0.0187 5.1466e-02    6.43351    34.9222    34.9265    28.0613    1457.67    1478.33 0.0000e+00
      14810    627.000    -0.3483    -0.3421   2.896581   2.897432     2.2825      98.92     0.0148 5.1474e-02    6.43888    34.9224    34.9267    28.0616    1457.67    1478.30 0.0000e+00
      14829    628.000    -0.3556    -0.3497   2.895994   2.896837     2.2823      98.92     0.0142 5.1441e-02    6.43531    34.9223    34.9268    28.0619    1457.65    1478.26 0.0000e+00
      14850    629.000    -0.3855    -0.3798   2.893465   2.894284     2.2816      98.92     0.0137 5.1449e-02    6.43850    34.9221    34.9265    28.0631    1457.53    1478.23 0.0000e+00
      14874    630.000    -0.4003    -0.3943   2.892259   2.893094     2.2810      98.92     0.0120 5.1479e-02    6.43714    34.9223    34.9266    28.0640    1457.48    1478.20 0.0000e+00
      14903    631.000    -0.4022    -0.3961   2.892133   2.892987     2.2795      98.92     0.0154 5.1464e-02    6.42754    34.9222    34.9266    28.0640    1457.49    1478.16 0.0000e+00
      14934    632.000    -0.4047    -0.3984   2.891966   2.892836     2.2779      98.92     0.0151 5.1448e-02    6.42317    34.9222    34.9266    28.0642    1457.49    1478.13 0.0000e+00
      14959    633.000    -0.4076    -0.4014   2.891777   2.892632     2.2766      98.92     0.0163 5.1446e-02    6.41656    34.9224    34.9267    28.0644    1457.50    1478.10 0.0000e+00
      14979    634.000    -0.4107    -0.4049   2.891563   2.892396     2.2752      98.92     0.0161 5.1456e-02    6.41268    34.9225    34.9270    28.0647    1457.50    1478.06 0.0000e+00
      14998    635.000    -0.4176    -0.4112   2.891010   2.891879     2.2741      98.92     0.0144 5.1456e-02    6.41558    34.9224    34.9267    28.0649    1457.48    1478.03 0.0000e+00
      15017    636.000    -0.4235    -0.4175   2.890547   2.891410     2.2733      98.92     0.0110 5.1461e-02    6.41235    34.9223    34.9270    28.0652    1457.47    1478.00 0.0000e+00
      15038    637.000    -0.4257    -0.4185   2.890399   2.891338     2.2720      98.91     0.0100 5.1447e-02    6.41020    34.9222    34.9266    28.0652    1457.48    1477.97 0.0000e+00
      15058    638.000    -0.4436    -0.4395   2.888875   2.889554     2.2712      98.54     0.0117 5.1466e-02    6.41520    34.9217    34.9261    28.0656    1457.41    1477.93 0.0000e+00
      15079    639.000    -0.4606    -0.4546   2.887487   2.888330     2.2704      97.89     0.0145 5.1477e-02    6.41549    34.9220    34.9264    28.0667    1457.35    1477.90 0.0000e+00
      15102    640.000    -0.4744    -0.4684   2.886350   2.887191     2.2690      97.59     0.0166 5.1456e-02    6.40947    34.9219    34.9263    28.0673    1457.30    1477.87 0.0000e+00
      15125    641.000    -0.4784    -0.4722   2.886070   2.886923     2.2679      98.90     0.0127 5.1468e-02    6.40695    34.9222    34.9265    28.0677    1457.30    1477.84 0.0000e+00
      15148    642.000    -0.4790    -0.4729   2.886055   2.886920     2.2664      98.92     0.0115 5.1466e-02    6.40374    34.9221    34.9267    28.0676    1457.31    1477.80 0.0000e+00
      15173    643.000    -0.4795    -0.4732   2.886055   2.887013     2.2653      98.91     0.0147 5.1452e-02    6.40381    34.9220    34.9276    28.0676    1457.32    1477.77 0.0000e+00
      15200    644.000    -0.4825    -0.4758   2.885821   2.887503     2.2641      98.91     0.0168 5.1457e-02    6.40798    34.9217    34.9366    28.0675    1457.33    1477.74 0.0000e+00
      15224    645.000    -0.4864    -0.4730   2.885562   2.888143     2.2640      98.91     0.0166 5.1464e-02    6.40688    34.9221    34.9413    28.0680    1457.33    1477.71 0.0000e+00
      15244    646.000    -0.4986    -0.4644   2.884520   2.888255     2.2630      98.91     0.0178 5.1434e-02    6.39924    34.9215    34.9324    28.0681    1457.28    1477.68 0.0000e+00
      15262    647.000    -0.5082    -0.4606   2.883784   2.888377     2.2619      98.91     0.0163 5.1458e-02    6.39778    34.9220    34.9291    28.0689    1457.26    1477.64 0.0000e+00
      15281    648.000    -0.5113    -0.4594   2.883553   2.888513     2.2610      98.91     0.0135 5.1456e-02    6.39338    34.9219    34.9290    28.0690    1457.26    1477.61 0.0000e+00
      15302    649.000    -0.5171    -0.4579   2.883093   2.888725     2.2596      89.51     0.0141 5.1438e-02    6.39332    34.9218    34.9295    28.0691    1457.25    1477.58 0.0000e+00
      15325    650.000    -0.5234    -0.4562   2.882597   2.888938     2.2590      92.71     0.0142 5.1435e-02    6.40336    34.9217    34.9298    28.0694    1457.24    1477.55 0.0000e+00
      15350    651.000    -0.5289    -0.4544   2.882166   2.889118     2.2584      98.71     0.0121 5.1445e-02    6.39747    34.9216    34.9295    28.0696    1457.23    1477.52 0.0000e+00
      15382    652.000    -0.5327    -0.4525   2.881868   2.889536     2.2571      85.06     0.0149 5.1460e-02    6.39964    34.9214    34.9324    28.0696    1457.22    1477.48 0.0000e+00
      15412    653.000    -0.5332    -0.4496   2.881883   2.889958     2.2571      87.78     0.0154 5.1442e-02    6.40872    34.9216    34.9341    28.0697    1457.24    1477.45 0.0000e+00
      15432    654.000    -0.5351    -0.4466   2.881765   2.889900     2.2569      88.39     0.0132 5.1426e-02    6.40304    34.9216    34.9293    28.0698    1457.25    1477.42 0.0000e+00
      15450    655.000    -0.5396    -0.4450   2.881422   2.889960     2.2567      81.27     0.0122 5.1442e-02    6.40000    34.9215    34.9277    28.0700    1457.24    1477.39 0.0000e+00
      15469    656.000    -0.5457    -0.4442   2.880954   2.890020     2.2559      80.07     0.0098 5.1464e-02    6.39746    34.9216    34.9270    28.0704    1457.23    1477.36 0.0000e+00
      15490    657.000    -0.5492    -0.4439   2.880690   2.889987     2.2556      82.45     0.0090 5.1481e-02    6.40157    34.9215    34.9256    28.0704    1457.23    1477.33 0.0000e+00
      15513    658.000    -0.5509    -0.4446   2.880597   2.889935     2.2545      86.58     0.0100 5.1444e-02    6.38269    34.9216    34.9251    28.0706    1457.24    1477.30 0.0000e+00
      15535    659.000    -0.5525    -0.4452   2.880503   2.889814     2.2532      77.04     0.0128 5.1431e-02    6.38832    34.9216    34.9236    28.0706    1457.25    1477.27 0.0000e+00
      15557    660.000    -0.5574    -0.4474   2.880115   2.889602     2.2522      76.36     0.0121 5.1457e-02    6.38855    34.9214    34.9226    28.0707    1457.24    1477.24 0.0000e+00
      15579    661.000    -0.5684    -0.4498   2.879234   2.889465     2.2517      75.26     0.0138 5.1432e-02    6.39337    34.9215    34.9230    28.0713    1457.21    1477.21 0.0000e+00
      15601    662.000    -0.5734    -0.4521   2.878849   2.889273     2.2511      74.18     0.0144 5.1454e-02    6.39276    34.9215    34.9224    28.0715    1457.20    1477.18 0.0000e+00
      15625    663.000    -0.5758    -0.4548   2.878679   2.888914     2.2507      72.92     0.0152 5.1436e-02    6.39372    34.9214    34.9201    28.0715    1457.20    1477.14 0.0000e+00
      15649    664.000    -0.5856    -0.4592   2.877878   2.888671     2.2499      71.91     0.0167 5.1437e-02    6.38716    34.9212    34.9213    28.0719    1457.17    1477.11 0.0000e+00
      15670    665.000    -0.5952    -0.4628   2.877115   2.888442     2.2490      70.83     0.0179 5.1447e-02    6.38417    34.9214    34.9217    28.0724    1457.15    1477.08 0.0000e+00
      15689    666.000    -0.5993    -0.4654   2.876793   2.888126     2.2480      70.02     0.0157 5.1498e-02    6.38022    34.9211    34.9199    28.0724    1457.14    1477.05 0.0000e+00
      15708    667.000    -0.6148    -0.4692   2.875539   2.887946     2.2469      69.24     0.0110 5.1466e-02    6.38090    34.9215    34.9212    28.0734    1457.09    1477.02 0.0000e+00
      15725    668.000    -0.6263    -0.4724   2.874614   2.887534     2.2461      68.35     0.0104 5.1442e-02    6.37914    34.9216    34.9188    28.0740    1457.05    1476.99 0.0000e+00
      15745    669.000    -0.6275    -0.4777   2.874547   2.887100     2.2447      67.03     0.0129 5.1432e-02    6.37176    34.9215    34.9184    28.0740    1457.06    1476.96 0.0000e+00
      15769    670.000    -0.6282    -0.4827   2.874512   2.886788     2.2433      65.75     0.0141 5.1446e-02    6.37310    34.9212    34.9194    28.0738    1457.07    1476.93 0.0000e+00
      15795    671.000    -0.6322    -0.4867   2.874220   2.886679     2.2423      64.73     0.0145 5.1435e-02    6.37657    34.9213    34.9219    28.0740    1457.07    1476.90 0.0000e+00
      15818    672.000    -0.6397    -0.4884   2.873619   2.886458     2.2413      64.20     0.0133 5.1464e-02    6.36713    34.9212    34.9203    28.0743    1457.05    1476.87 0.0000e+00
      15839    673.000    -0.6452    -0.4929   2.873210   2.886114     2.2399      63.03     0.0143 5.1445e-02    6.36507    34.9214    34.9202    28.0747    1457.04    1476.84 0.0000e+00
      15861    674.000    -0.6477    -0.4980   2.873040   2.885672     2.2387      61.84     0.0141 5.1451e-02    6.35780    34.9214    34.9195    28.0748    1457.05    1476.81 0.0000e+00
      15884    675.000    -0.6529    -0.5035   2.872632   2.884115     2.2371      60.76     0.0165 5.1468e-02    6.35803    34.9212    34.9044    28.0749    1457.04    1476.78 0.0000e+00
      15906    676.000    -0.6547    -0.5090   2.872541   2.884789     2.2363      59.78     0.0131 5.1476e-02    6.36109    34.9215    34.9191    28.0752    1457.05    1476.75 0.0000e+00
      15925    677.000    -0.6531    -0.5141   2.872707   2.884444     2.2355      58.80     0.0109 5.1464e-02    6.36188    34.9213    34.9197    28.0750    1457.07    1476.72 0.0000e+00
      15944    678.000    -0.6569    -0.5187   2.872420   2.884102     2.2350      57.85     0.0113 5.1491e-02    6.35815    34.9212    34.9198    28.0751    1457.07    1476.70 0.0000e+00
      15963    679.000    -0.6596    -0.5225   2.872253   2.883602     2.2339      56.81     0.0122 5.1461e-02    6.35181    34.9214    34.9168    28.0754    1457.08    1476.67 0.0000e+00
      15983    680.000    -0.6599    -0.5289   2.872251   2.883043     2.2330      55.76     0.0131 5.1473e-02    6.35324    34.9211    34.9160    28.0752    1457.09    1476.64 0.0000e+00
      16004    681.000    -0.6602    -0.5357   2.872277   2.882588     2.2324      54.74     0.0132 5.1464e-02    6.35698    34.9212    34.9171    28.0753    1457.11    1476.61 0.0000e+00
      16027    682.000    -0.6612    -0.5423   2.872236   2.882219     2.2318      53.68     0.0151 5.1454e-02    6.35448    34.9212    34.9191    28.0753    1457.12    1476.58 0.0000e+00
      16051    683.000    -0.6628    -0.5478   2.872146   2.881893     2.2311      52.64     0.0133 5.1436e-02    6.35371    34.9213    34.9205    28.0754    1457.13    1476.55 0.0000e+00
      16075    684.000    -0.6646    -0.5520   2.872038   2.881471     2.2307      51.62     0.0132 5.1431e-02    6.35485    34.9213    34.9190    28.0755    1457.13    1476.52 0.0000e+00
      16097    685.000    -0.6733    -0.5576   2.871311   2.881005     2.2299      50.61     0.0146 5.1439e-02    6.35557    34.9209    34.9186    28.0755    1457.11    1476.49 0.0000e+00
      16117    686.000    -0.6848    -0.5648   2.870407   2.880551     2.2299      49.67     0.0126 5.1454e-02    6.35845    34.9213    34.9201    28.0764    1457.07    1476.46 0.0000e+00
      16137    687.000    -0.6943    -0.5694   2.869625   2.880241     2.2292      48.72     0.0145 5.1471e-02    6.35677    34.9210    34.9206    28.0766    1457.05    1476.44 0.0000e+00
      16157    688.000    -0.7004    -0.5735   2.869174   2.879996     2.2288      47.71     0.0183 5.1459e-02    6.35503    34.9214    34.9214    28.0772    1457.03    1476.41 0.0000e+00
