DigitalOcean/CTDs/sta0322.cnv
* Sea-Bird SBE 9 Data File:
* FileName = C:\Seabird\CTDData\sta0322.hex
* Software Version Seasave V 7.21f
* Temperature SN = 4385
* Conductivity SN = 2140
* Number of Bytes Per Scan = 34
* Number of Voltage Words = 3
* Number of Scans Averaged by the Deck Unit = 1
* NMEA Latitude = 67 07.91 N
* NMEA Longitude = 014 17.13 E
* NMEA UTC (Time) = Dec 01 2017 21:24:26
* NMEA baud rate = 4800
** Ship: 10 F/F "G. O. Sars"
** Station: 0322
** Echodepth: 389
** Log: 2491.53
** Wind-Dir Force: 19 12
** Air-temp (dry): 4.0
** Weather Sky: 2 6
** Sea Ice: 2 0
# nquan = 17                                
# nvalues = 371                         
# units = specified
# name 0 = scan: Scan Count
# name 1 = prDM: Pressure, Digiquartz [db]
# name 2 = t068C: Temperature [ITS-68, deg C]
# name 3 = t168C: Temperature, 2 [ITS-68, deg C]
# name 4 = c0S/m: Conductivity [S/m]
# name 5 = c1S/m: Conductivity, 2 [S/m]
# name 6 = sbeox0V: Oxygen raw, SBE 43 [V]
# name 7 = altM: Altimeter [m]
# name 8 = flC: Fluorescence, Chelsea Aqua 3 Chl Con [ug/l]
# name 9 = par: PAR/Irradiance, Biospherical/Licor
# name 10 = sbeox0ML/L: Oxygen, SBE 43 [ml/l], WS = 2
# name 11 = sal00: Salinity, Practical [PSU]
# name 12 = sal11: Salinity, Practical, 2 [PSU]
# name 13 = sigma-t00: Density [sigma-t, Kg/m^3 ]
# name 14 = svCM: Sound Velocity [Chen-Millero, m/s]
# name 15 = avgsvCM: Average Sound Velocity [Chen-Millero, m/s], minP = 1, minS = 5
# name 16 = flag: flag
# span 0 =       1028,      27529       
# span 1 =      5.000,    375.000       
# span 2 =     7.0585,     9.7409       
# span 3 =     7.0623,     9.7444       
# span 4 =   3.451653,   3.658731       
# span 5 =   3.453967,   3.659536       
# span 6 =     2.3142,     2.7081       
# span 7 =      17.38,      98.92       
# span 8 =     0.0231,     0.0432       
# span 9 = 5.1444e-02, 5.1541e-02       
# span 10 =    5.15373,    5.81069      
# span 11 =    32.5363,    34.5276      
# span 12 =    32.5466,    34.5325      
# span 13 =    25.2370,    27.0369      
# span 14 =    1480.85,    1488.78      
# span 15 =    1482.10,    1486.33      
# span 16 = 0.0000e+00, 0.0000e+00      
# interval = decibars: 1                
# start_time = Dec 01 2017 21:24:29 [System UTC, header]
# bad_flag = -9.990e-29
*END*
       1028      5.000     8.6922     8.7073   3.451653   3.453967     2.6968      98.91     0.0366 5.1508e-02    5.81069    32.5363    32.5466    25.2370    1482.10    1482.10 0.0000e+00
       1096      6.000     8.7707     8.7780   3.463262   3.464585     2.6975      98.92     0.0427 5.1492e-02    5.81060    32.5850    32.5921    25.2632    1482.47    1482.16 0.0000e+00
       1166      7.000     8.8289     8.8365   3.471943   3.473202     2.6969      98.92     0.0432 5.1482e-02    5.79135    32.6216    32.6278    25.2830    1482.75    1482.25 0.0000e+00
       1236      8.000     8.8410     8.8623   3.473875   3.477251     2.6931      96.88     0.0397 5.1481e-02    5.77770    32.6302    32.6458    25.2878    1482.82    1482.32 0.0000e+00
       1307      9.000     8.9390     8.9480   3.488573   3.490080     2.6925      79.88     0.0418 5.1471e-02    5.77740    32.6927    32.7001    25.3216    1483.28    1482.43 0.0000e+00
       1378     10.000     8.9944     9.0019   3.496878   3.498094     2.6953      79.04     0.0374 5.1467e-02    5.77013    32.7277    32.7334    25.3403    1483.54    1482.54 0.0000e+00
       1450     11.000     9.0125     9.0182   3.499478   3.500378     2.6924      80.48     0.0392 5.1487e-02    5.74551    32.7376    32.7417    25.3453    1483.64    1482.64 0.0000e+00
       1522     12.000     9.0373     9.0432   3.502882   3.503850     2.6900      83.41     0.0366 5.1462e-02    5.75444    32.7497    32.7543    25.3509    1483.76    1482.73 0.0000e+00
       1593     13.000     9.0701     9.0751   3.507942   3.508784     2.6931      84.34     0.0384 5.1476e-02    5.75395    32.7716    32.7757    25.3629    1483.93    1482.82 0.0000e+00
       1665     14.000     9.0892     9.0941   3.511115   3.511956     2.6884      75.19     0.0401 5.1455e-02    5.73075    32.7864    32.7907    25.3715    1484.03    1482.91 0.0000e+00
       1736     15.000     9.1068     9.1114   3.513916   3.514677     2.6891      88.77     0.0381 5.1465e-02    5.74198    32.7988    32.8025    25.3784    1484.13    1482.99 0.0000e+00
       1808     16.000     9.1183     9.1230   3.515810   3.516646     2.6916      73.88     0.0410 5.1478e-02    5.74731    32.8074    32.8118    25.3834    1484.20    1483.07 0.0000e+00
       1880     17.000     9.1363     9.1402   3.518945   3.519631     2.6940      76.11     0.0376 5.1464e-02    5.75177    32.8229    32.8264    25.3926    1484.30    1483.14 0.0000e+00
       1952     18.000     9.1510     9.1548   3.521480   3.522184     2.6935      73.42     0.0394 5.1470e-02    5.73589    32.8352    32.8390    25.3999    1484.39    1483.21 0.0000e+00
       2024     19.000     9.1605     9.1647   3.523192   3.523970     2.6894      84.32     0.0398 5.1469e-02    5.73493    32.8437    32.8479    25.4051    1484.45    1483.27 0.0000e+00
       2095     20.000     9.1651     9.1684   3.524095   3.524712     2.6933      86.35     0.0403 5.1462e-02    5.75287    32.8484    32.8517    25.4080    1484.49    1483.33 0.0000e+00
       2168     21.000     9.1709     9.1736   3.525319   3.525823     2.6939      74.14     0.0402 5.1470e-02    5.73339    32.8553    32.8580    25.4125    1484.53    1483.39 0.0000e+00
       2239     22.000     9.1789     9.1823   3.526832   3.527490     2.6933      84.53     0.0381 5.1476e-02    5.75075    32.8631    32.8668    25.4174    1484.59    1483.45 0.0000e+00
       2312     23.000     9.1848     9.1880   3.527757   3.528373     2.6937      70.91     0.0403 5.1472e-02    5.73300    32.8668    32.8702    25.4193    1484.63    1483.50 0.0000e+00
       2384     24.000     9.1922     9.1966   3.528768   3.529569     2.6893      76.02     0.0386 5.1466e-02    5.72971    32.8700    32.8742    25.4206    1484.68    1483.55 0.0000e+00
       2455     25.000     9.1963     9.2003   3.529435   3.530157     2.6893      60.47     0.0394 5.1466e-02    5.73255    32.8727    32.8764    25.4221    1484.71    1483.59 0.0000e+00
       2526     26.000     9.2018     9.2061   3.530486   3.531261     2.6938      87.55     0.0409 5.1470e-02    5.74878    32.8780    32.8821    25.4254    1484.76    1483.64 0.0000e+00
       2599     27.000     9.1950     9.1989   3.530090   3.530769     2.6911      79.44     0.0399 5.1466e-02    5.73093    32.8797    32.8832    25.4278    1484.75    1483.68 0.0000e+00
       2671     28.000     9.1934     9.1969   3.530037   3.530685     2.6893      74.06     0.0379 5.1474e-02    5.73347    32.8802    32.8837    25.4285    1484.76    1483.72 0.0000e+00
       2742     29.000     9.1896     9.1923   3.529798   3.530369     2.6940      72.33     0.0361 5.1458e-02    5.75385    32.8808    32.8842    25.4295    1484.76    1483.75 0.0000e+00
       2814     30.000     9.1856     9.1892   3.529515   3.530155     2.6937      83.64     0.0381 5.1461e-02    5.74683    32.8811    32.8844    25.4304    1484.77    1483.79 0.0000e+00
       2886     31.000     9.1817     9.1863   3.529232   3.530069     2.6933      79.43     0.0373 5.1474e-02    5.74518    32.8813    32.8857    25.4312    1484.77    1483.82 0.0000e+00
       2958     32.000     9.1764     9.1811   3.529056   3.529761     2.6920      65.24     0.0390 5.1476e-02    5.74234    32.8839    32.8869    25.4340    1484.77    1483.85 0.0000e+00
       3030     33.000     9.1539     9.1583   3.527903   3.528567     2.6903      71.04     0.0409 5.1456e-02    5.74260    32.8923    32.8951    25.4441    1484.71    1483.87 0.0000e+00
       3103     34.000     9.1524     9.1558   3.527842   3.528506     2.6891      77.64     0.0388 5.1468e-02    5.74103    32.8926    32.8963    25.4446    1484.72    1483.90 0.0000e+00
       3175     35.000     9.1543     9.1583   3.528253   3.528948     2.6876      84.14     0.0350 5.1476e-02    5.73629    32.8946    32.8981    25.4459    1484.75    1483.92 0.0000e+00
       3247     36.000     9.1668     9.1712   3.530734   3.531530     2.6875      83.37     0.0380 5.1478e-02    5.73923    32.9084    32.9125    25.4547    1484.83    1483.95 0.0000e+00
       3318     37.000     9.1885     9.1926   3.537045   3.537931     2.6926      75.25     0.0415 5.1473e-02    5.75766    32.9532    32.9586    25.4863    1484.98    1483.98 0.0000e+00
       3389     38.000     9.1871     9.1907   3.541967   3.542794     2.6937      74.49     0.0426 5.1466e-02    5.74597    33.0050    33.0103    25.5271    1485.06    1484.01 0.0000e+00
       3462     39.000     9.1554     9.1598   3.544430   3.545250     2.6921      81.37     0.0427 5.1472e-02    5.74877    33.0595    33.0639    25.5747    1485.02    1484.03 0.0000e+00
       3534     40.000     9.2165     9.2192   3.551904   3.552659     2.7021      74.41     0.0432 5.1466e-02    5.78876    33.0798    33.0851    25.5809    1485.29    1484.06 0.0000e+00
       3606     41.000     9.3354     9.3259   3.565455   3.564943     2.7081      89.65     0.0412 5.1476e-02    5.76471    33.1093    33.1128    25.5850    1485.78    1484.10 0.0000e+00
       3677     42.000     9.4700     9.4758   3.580761   3.581860     2.7051      83.34     0.0385 5.1489e-02    5.72800    33.1420    33.1480    25.5889    1486.33    1484.16 0.0000e+00
       3749     43.000     9.5713     9.5751   3.592293   3.593200     2.6961      74.08     0.0365 5.1478e-02    5.68609    33.1664    33.1722    25.5916    1486.74    1484.22 0.0000e+00
       3821     44.000     9.5885     9.5936   3.594403   3.595319     2.6891      76.34     0.0363 5.1470e-02    5.66846    33.1718    33.1765    25.5929    1486.83    1484.28 0.0000e+00
       3894     45.000     9.5688     9.5733   3.592721   3.593582     2.6819      97.39     0.0369 5.1476e-02    5.65637    33.1723    33.1769    25.5965    1486.77    1484.33 0.0000e+00
       3967     46.000     9.5156     9.5192   3.587418   3.588089     2.6777      86.03     0.0352 5.1472e-02    5.65782    33.1665    33.1701    25.6007    1486.59    1484.38 0.0000e+00
       4040     47.000     9.5094     9.5122   3.587729   3.588397     2.6768      74.86     0.0373 5.1462e-02    5.66305    33.1750    33.1793    25.6083    1486.59    1484.43 0.0000e+00
       4111     48.000     9.5275     9.5310   3.591317   3.592057     2.6804      80.98     0.0358 5.1485e-02    5.67511    33.1947    33.1990    25.6208    1486.70    1484.48 0.0000e+00
       4183     49.000     9.5305     9.5338   3.591825   3.592544     2.6822      90.23     0.0371 5.1462e-02    5.67192    33.1967    33.2010    25.6218    1486.73    1484.52 0.0000e+00
       4256     50.000     9.5349     9.5388   3.592556   3.593340     2.6808      78.54     0.0422 5.1470e-02    5.67181    33.1997    33.2041    25.6235    1486.77    1484.57 0.0000e+00
       4328     51.000     9.5416     9.5449   3.593651   3.594366     2.6836      90.33     0.0365 5.1466e-02    5.68141    33.2043    33.2086    25.6260    1486.81    1484.61 0.0000e+00
       4400     52.000     9.5335     9.5408   3.593512   3.594575     2.6845      72.40     0.0357 5.1466e-02    5.67860    33.2099    33.2141    25.6317    1486.81    1484.65 0.0000e+00
       4472     53.000     9.4264     9.4314   3.582315   3.583008     2.6820      86.96     0.0367 5.1468e-02    5.68595    33.1934    33.1959    25.6362    1486.41    1484.69 0.0000e+00
       4544     54.000     9.3661     9.3695   3.576350   3.576994     2.6814      75.64     0.0377 5.1471e-02    5.70333    33.1874    33.1909    25.6411    1486.20    1484.71 0.0000e+00
       4616     55.000     9.3876     9.3918   3.579027   3.579806     2.6887      82.33     0.0391 5.1470e-02    5.72373    33.1946    33.1988    25.6433    1486.30    1484.74 0.0000e+00
       4689     56.000     9.3881     9.3915   3.579406   3.580120     2.6925      84.39     0.0364 5.1468e-02    5.73183    33.1976    33.2018    25.6456    1486.33    1484.77 0.0000e+00
       4761     57.000     9.3930     9.3963   3.580398   3.581101     2.6930      82.44     0.0399 5.1469e-02    5.72213    33.2028    33.2070    25.6489    1486.37    1484.80 0.0000e+00
       4832     58.000     9.4119     9.4157   3.582986   3.583798     2.6921      72.83     0.0389 5.1477e-02    5.71615    33.2115    33.2164    25.6527    1486.46    1484.83 0.0000e+00
       4904     59.000     9.4341     9.4377   3.586073   3.586838     2.6896      86.49     0.0360 5.1472e-02    5.70955    33.2223    33.2269    25.6575    1486.57    1484.86 0.0000e+00
       4976     60.000     9.4399     9.4442   3.587336   3.588146     2.6881      86.24     0.0385 5.1476e-02    5.70786    33.2295    33.2338    25.6622    1486.62    1484.89 0.0000e+00
       5048     61.000     9.4188     9.4236   3.585571   3.586474     2.6863      75.29     0.0408 5.1476e-02    5.70097    33.2304    33.2353    25.6663    1486.56    1484.91 0.0000e+00
       5121     62.000     9.4440     9.4446   3.588482   3.589012     2.6867      82.33     0.0349 5.1487e-02    5.70799    33.2366    33.2415    25.6670    1486.68    1484.94 0.0000e+00
       5192     63.000     9.4785     9.4857   3.592544   3.593788     2.6861      93.10     0.0397 5.1471e-02    5.69150    33.2460    33.2521    25.6688    1486.83    1484.97 0.0000e+00
       5263     64.000     9.4934     9.4969   3.594450   3.595220     2.6813      77.79     0.0378 5.1461e-02    5.68012    33.2513    33.2560    25.6705    1486.91    1485.00 0.0000e+00
       5335     65.000     9.4940     9.4972   3.594766   3.595490     2.6805      90.74     0.0408 5.1460e-02    5.68110    33.2535    33.2580    25.6722    1486.93    1485.03 0.0000e+00
       5408     66.000     9.4774     9.4811   3.593208   3.593925     2.6779      74.84     0.0369 5.1470e-02    5.67715    33.2525    33.2564    25.6741    1486.88    1485.06 0.0000e+00
       5480     67.000     9.4211     9.4243   3.587809   3.588452     2.6810      80.75     0.0377 5.1478e-02    5.70505    33.2487    33.2523    25.6802    1486.69    1485.08 0.0000e+00
       5552     68.000     9.4524     9.4553   3.592322   3.593061     2.6858      77.63     0.0411 5.1459e-02    5.70883    33.2656    33.2706    25.6884    1486.84    1485.11 0.0000e+00
       5623     69.000     9.4750     9.4795   3.596237   3.597184     2.6835      69.97     0.0396 5.1452e-02    5.68868    33.2845    33.2901    25.6995    1486.96    1485.14 0.0000e+00
       5695     70.000     9.4863     9.4898   3.598162   3.598935     2.6841      86.47     0.0363 5.1474e-02    5.69976    33.2934    33.2981    25.7046    1487.03    1485.16 0.0000e+00
       5768     71.000     9.4958     9.4982   3.599891   3.600479     2.6827      77.62     0.0393 5.1464e-02    5.68612    33.3019    33.3057    25.7097    1487.09    1485.19 0.0000e+00
       5840     72.000     9.4996     9.5029   3.600623   3.601338     2.6788      80.73     0.0410 5.1472e-02    5.67287    33.3055    33.3097    25.7119    1487.13    1485.22 0.0000e+00
       5913     73.000     9.4991     9.5024   3.600723   3.601441     2.6750      86.00     0.0387 5.1456e-02    5.66975    33.3065    33.3108    25.7128    1487.14    1485.24 0.0000e+00
       5984     74.000     9.4979     9.5013   3.600703   3.601431     2.6771      82.38     0.0382 5.1467e-02    5.68251    33.3070    33.3113    25.7133    1487.16    1485.27 0.0000e+00
       6055     75.000     9.4990     9.5019   3.601187   3.601853     2.6777      89.43     0.0403 5.1471e-02    5.68293    33.3105    33.3146    25.7159    1487.18    1485.30 0.0000e+00
       6127     76.000     9.5092     9.5128   3.602830   3.603610     2.6776      66.86     0.0390 5.1450e-02    5.67550    33.3174    33.3221    25.7197    1487.24    1485.32 0.0000e+00
       6199     77.000     9.5247     9.5285   3.605176   3.606006     2.6780      88.84     0.0384 5.1476e-02    5.68046    33.3267    33.3317    25.7244    1487.33    1485.35 0.0000e+00
       6271     78.000     9.5346     9.5379   3.606705   3.607444     2.6761      73.70     0.0374 5.1460e-02    5.66598    33.3328    33.3373    25.7275    1487.39    1485.37 0.0000e+00
       6343     79.000     9.5439     9.5477   3.608070   3.608902     2.6751      72.86     0.0386 5.1471e-02    5.67321    33.3377    33.3428    25.7299    1487.44    1485.40 0.0000e+00
       6414     80.000     9.5715     9.5764   3.611878   3.612889     2.6747      74.14     0.0374 5.1464e-02    5.66498    33.3508    33.3566    25.7356    1487.58    1485.43 0.0000e+00
       6486     81.000     9.5900     9.5947   3.614571   3.615488     2.6746      80.08     0.0389 5.1454e-02    5.65603    33.3608    33.3658    25.7404    1487.67    1485.45 0.0000e+00
       6558     82.000     9.5900     9.5923   3.614735   3.615383     2.6695      75.77     0.0375 5.1460e-02    5.64147    33.3620    33.3665    25.7414    1487.69    1485.48 0.0000e+00
       6631     83.000     9.5865     9.5893   3.614482   3.615142     2.6662      89.26     0.0380 5.1476e-02    5.64035    33.3622    33.3664    25.7421    1487.70    1485.51 0.0000e+00
       6703     84.000     9.6067     9.6102   3.617476   3.618368     2.6666      72.43     0.0396 5.1492e-02    5.64242    33.3737    33.3796    25.7478    1487.80    1485.54 0.0000e+00
       6773     85.000     9.6454     9.6492   3.623345   3.624262     2.6675      79.11     0.0369 5.1468e-02    5.63686    33.3975    33.4034    25.7600    1487.99    1485.56 0.0000e+00
       6843     86.000     9.6810     9.6845   3.629549   3.630396     2.6664      76.02     0.0371 5.1451e-02    5.62992    33.4276    33.4330    25.7777    1488.17    1485.59 0.0000e+00
       6914     87.000     9.6880     9.6916   3.631393   3.632236     2.6624      70.43     0.0389 5.1457e-02    5.60720    33.4395    33.4448    25.7859    1488.22    1485.62 0.0000e+00
       6985     88.000     9.7011     9.7048   3.634865   3.635743     2.6591      89.56     0.0385 5.1473e-02    5.61000    33.4625    33.4680    25.8016    1488.32    1485.65 0.0000e+00
       7057     89.000     9.7086     9.7119   3.638374   3.639186     2.6559      83.49     0.0382 5.1480e-02    5.58413    33.4910    33.4962    25.8227    1488.40    1485.69 0.0000e+00
