DigitalOcean/CTDs/sta0320.cnv
* Sea-Bird SBE 9 Data File:
* FileName = C:\Seabird\CTDData\sta0320.hex
* Software Version Seasave V 7.21f
* Temperature SN = 4385
* Conductivity SN = 2140
* Number of Bytes Per Scan = 34
* Number of Voltage Words = 3
* Number of Scans Averaged by the Deck Unit = 1
* NMEA Latitude = 67 07.93 N
* NMEA Longitude = 014 17.17 E
* NMEA UTC (Time) = Dec 01 2017 17:40:26
* NMEA baud rate = 4800
** Ship: 10 F/F "G. O. Sars"
** Station: 0320
** Echodepth: 387
** Log: 2486.7
** Wind-Dir Force: 21 30
** Air-temp (dry): 5.4
** Weather Sky: 2 6
** Sea Ice: 2 0
# nquan = 17                                
# nvalues = 371                         
# units = specified
# name 0 = scan: Scan Count
# name 1 = prDM: Pressure, Digiquartz [db]
# name 2 = t068C: Temperature [ITS-68, deg C]
# name 3 = t168C: Temperature, 2 [ITS-68, deg C]
# name 4 = c0S/m: Conductivity [S/m]
# name 5 = c1S/m: Conductivity, 2 [S/m]
# name 6 = sbeox0V: Oxygen raw, SBE 43 [V]
# name 7 = altM: Altimeter [m]
# name 8 = flC: Fluorescence, Chelsea Aqua 3 Chl Con [ug/l]
# name 9 = par: PAR/Irradiance, Biospherical/Licor
# name 10 = sbeox0ML/L: Oxygen, SBE 43 [ml/l], WS = 2
# name 11 = sal00: Salinity, Practical [PSU]
# name 12 = sal11: Salinity, Practical, 2 [PSU]
# name 13 = sigma-t00: Density [sigma-t, Kg/m^3 ]
# name 14 = svCM: Sound Velocity [Chen-Millero, m/s]
# name 15 = avgsvCM: Average Sound Velocity [Chen-Millero, m/s], minP = 1, minS = 5
# name 16 = flag: flag
# span 0 =        395,      26944       
# span 1 =      5.000,    375.000       
# span 2 =     7.0590,     9.7821       
# span 3 =     7.0627,     9.7858       
# span 4 =   3.482807,   3.658265       
# span 5 =   3.483730,   3.658995       
# span 6 =     2.3009,     2.7166       
# span 7 =      15.36,      98.63       
# span 8 =     0.0215,     0.0417       
# span 9 = 5.1440e-02, 5.1485e-02       
# span 10 =    5.11791,    5.82155      
# span 11 =    32.7307,    34.5282      
# span 12 =    32.7337,    34.5328      
# span 13 =    25.3674,    27.0373      
# span 14 =    1480.92,    1488.62      
# span 15 =    1482.87,    1486.54      
# span 16 = 0.0000e+00, 0.0000e+00      
# interval = decibars: 1                
# start_time = Dec 01 2017 17:40:28 [System UTC, header]
# bad_flag = -9.990e-29
*END*
[from data line 256]
      18739    261.000     7.0639     7.0675   3.502729   3.503415     2.3989      75.67     0.0273 5.1463e-02    5.32168    34.5243    34.5282    27.0354    1482.59    1484.02 0.0000e+00
      18811    262.000     7.0640     7.0676   3.502783   3.503472     2.3984      85.57     0.0250 5.1476e-02    5.32772    34.5243    34.5283    27.0354    1482.61    1484.01 0.0000e+00
      18883    263.000     7.0641     7.0677   3.502835   3.503526     2.3990      64.35     0.0276 5.1464e-02    5.32657    34.5243    34.5283    27.0354    1482.62    1484.01 0.0000e+00
      18955    264.000     7.0642     7.0678   3.502893   3.503582     2.3968      81.80     0.0291 5.1468e-02    5.31952    34.5243    34.5283    27.0354    1482.64    1484.00 0.0000e+00
      19027    265.000     7.0643     7.0678   3.502943   3.503638     2.3966      78.25     0.0299 5.1470e-02    5.32747    34.5243    34.5284    27.0354    1482.66    1483.99 0.0000e+00
      19098    266.000     7.0643     7.0679   3.502993   3.503686     2.3977      56.76     0.0302 5.1464e-02    5.32394    34.5244    34.5284    27.0354    1482.67    1483.99 0.0000e+00
      19170    267.000     7.0644     7.0680   3.503044   3.503739     2.3963      38.89     0.0269 5.1462e-02    5.32137    34.5243    34.5283    27.0354    1482.69    1483.98 0.0000e+00
      19242    268.000     7.0645     7.0680   3.503098   3.503790     2.3956      41.64     0.0260 5.1478e-02    5.31871    34.5243    34.5284    27.0354    1482.71    1483.98 0.0000e+00
      19314    269.000     7.0646     7.0681   3.503158   3.503849     2.3919      49.12     0.0260 5.1466e-02    5.30953    34.5244    34.5285    27.0354    1482.72    1483.98 0.0000e+00
      19386    270.000     7.0646     7.0682   3.503220   3.503910     2.3913      75.15     0.0282 5.1469e-02    5.30916    34.5246    34.5286    27.0355    1482.74    1483.97 0.0000e+00
      19458    271.000     7.0647     7.0682   3.503279   3.503966     2.3908      66.41     0.0245 5.1466e-02    5.30603    34.5246    34.5287    27.0356    1482.76    1483.97 0.0000e+00
      19530    272.000     7.0648     7.0683   3.503336   3.504029     2.3879      85.92     0.0276 5.1466e-02    5.29802    34.5247    34.5288    27.0356    1482.77    1483.96 0.0000e+00
      19602    273.000     7.0648     7.0684   3.503393   3.504092     2.3857      75.82     0.0283 5.1461e-02    5.29714    34.5248    34.5289    27.0357    1482.79    1483.96 0.0000e+00
      19674    274.000     7.0649     7.0684   3.503454   3.504151     2.3867      84.72     0.0258 5.1452e-02    5.30143    34.5249    34.5290    27.0357    1482.81    1483.95 0.0000e+00
      19745    275.000     7.0650     7.0685   3.503514   3.504206     2.3865      83.32     0.0267 5.1466e-02    5.29676    34.5250    34.5291    27.0358    1482.82    1483.95 0.0000e+00
      19817    276.000     7.0651     7.0686   3.503568   3.504268     2.3844      79.38     0.0248 5.1471e-02    5.29452    34.5250    34.5291    27.0358    1482.84    1483.95 0.0000e+00
      19889    277.000     7.0652     7.0686   3.503624   3.504322     2.3850      61.62     0.0254 5.1472e-02    5.30106    34.5250    34.5292    27.0358    1482.86    1483.94 0.0000e+00
      19960    278.000     7.0653     7.0687   3.503679   3.504377     2.3853      29.68     0.0267 5.1459e-02    5.29783    34.5250    34.5293    27.0358    1482.87    1483.94 0.0000e+00
      20032    279.000     7.0653     7.0688   3.503734   3.504432     2.3828      38.74     0.0280 5.1480e-02    5.28490    34.5251    34.5293    27.0359    1482.89    1483.93 0.0000e+00
      20104    280.000     7.0654     7.0688   3.503790   3.504487     2.3814      42.09     0.0281 5.1459e-02    5.29271    34.5251    34.5294    27.0359    1482.91    1483.93 0.0000e+00
      20176    281.000     7.0655     7.0690   3.503842   3.504549     2.3819      81.23     0.0267 5.1472e-02    5.29024    34.5251    34.5294    27.0358    1482.92    1483.93 0.0000e+00
      20248    282.000     7.0656     7.0690   3.503904   3.504605     2.3808      77.17     0.0283 5.1472e-02    5.28933    34.5252    34.5295    27.0359    1482.94    1483.92 0.0000e+00
      20320    283.000     7.0657     7.0691   3.503961   3.504664     2.3796      89.73     0.0300 5.1472e-02    5.28133    34.5253    34.5296    27.0359    1482.96    1483.92 0.0000e+00
      20391    284.000     7.0657     7.0692   3.504010   3.504716     2.3770      82.88     0.0270 5.1468e-02    5.27521    34.5253    34.5295    27.0360    1482.97    1483.92 0.0000e+00
      20463    285.000     7.0658     7.0693   3.504070   3.504771     2.3767      72.42     0.0266 5.1458e-02    5.28584    34.5254    34.5296    27.0360    1482.99    1483.91 0.0000e+00
      20535    286.000     7.0659     7.0693   3.504127   3.504825     2.3783      59.42     0.0285 5.1465e-02    5.28627    34.5254    34.5297    27.0360    1483.01    1483.91 0.0000e+00
      20607    287.000     7.0660     7.0694   3.504184   3.504886     2.3803      84.06     0.0278 5.1460e-02    5.29423    34.5254    34.5297    27.0360    1483.03    1483.91 0.0000e+00
      20679    288.000     7.0660     7.0695   3.504240   3.504942     2.3787      78.29     0.0237 5.1460e-02    5.28457    34.5256    34.5298    27.0361    1483.04    1483.90 0.0000e+00
      20751    289.000     7.0661     7.0696   3.504293   3.505000     2.3764      90.52     0.0241 5.1454e-02    5.27455    34.5256    34.5298    27.0361    1483.06    1483.90 0.0000e+00
      20823    290.000     7.0662     7.0697   3.504349   3.505048     2.3743      83.88     0.0252 5.1474e-02    5.27203    34.5256    34.5297    27.0361    1483.08    1483.90 0.0000e+00
      20895    291.000     7.0663     7.0698   3.504402   3.505103     2.3722      72.96     0.0268 5.1461e-02    5.27111    34.5256    34.5298    27.0361    1483.09    1483.90 0.0000e+00
      20966    292.000     7.0664     7.0699   3.504452   3.505160     2.3727      77.29     0.0297 5.1460e-02    5.26600    34.5255    34.5298    27.0360    1483.11    1483.89 0.0000e+00
      21038    293.000     7.0665     7.0700   3.504509   3.505212     2.3695      83.91     0.0269 5.1463e-02    5.26404    34.5256    34.5298    27.0361    1483.13    1483.89 0.0000e+00
      21110    294.000     7.0666     7.0701   3.504565   3.505270     2.3703      80.73     0.0270 5.1464e-02    5.27092    34.5256    34.5298    27.0361    1483.14    1483.89 0.0000e+00
      21183    295.000     7.0667     7.0702   3.504617   3.505321     2.3715      82.56     0.0278 5.1466e-02    5.27353    34.5256    34.5298    27.0360    1483.16    1483.89 0.0000e+00
      21255    296.000     7.0668     7.0702   3.504667   3.505374     2.3727      72.60     0.0305 5.1449e-02    5.28220    34.5255    34.5299    27.0360    1483.18    1483.88 0.0000e+00
      21326    297.000     7.0668     7.0703   3.504727   3.505428     2.3745      87.73     0.0312 5.1452e-02    5.27971    34.5257    34.5299    27.0361    1483.19    1483.88 0.0000e+00
      21399    298.000     7.0669     7.0705   3.504775   3.505487     2.3712      78.87     0.0292 5.1464e-02    5.26711    34.5256    34.5298    27.0361    1483.21    1483.88 0.0000e+00
      21471    299.000     7.0670     7.0705   3.504840   3.505547     2.3703      74.21     0.0244 5.1460e-02    5.27030    34.5258    34.5300    27.0361    1483.23    1483.88 0.0000e+00
      21542    300.000     7.0671     7.0705   3.504895   3.505607     2.3699      73.21     0.0271 5.1458e-02    5.26870    34.5258    34.5302    27.0361    1483.24    1483.87 0.0000e+00
      21614    301.000     7.0672     7.0707   3.504948   3.505658     2.3693      41.91     0.0284 5.1448e-02    5.26443    34.5258    34.5301    27.0361    1483.26    1483.87 0.0000e+00
      21686    302.000     7.0673     7.0708   3.505005   3.505715     2.3662      26.53     0.0288 5.1461e-02    5.25738    34.5258    34.5301    27.0361    1483.28    1483.87 0.0000e+00
      21758    303.000     7.0674     7.0708   3.505057   3.505765     2.3673      76.52     0.0298 5.1462e-02    5.26904    34.5258    34.5302    27.0361    1483.29    1483.87 0.0000e+00
      21831    304.000     7.0675     7.0710   3.505117   3.505826     2.3668      97.98     0.0288 5.1458e-02    5.25907    34.5259    34.5301    27.0361    1483.31    1483.87 0.0000e+00
      21902    305.000     7.0676     7.0710   3.505175   3.505880     2.3665      76.01     0.0247 5.1464e-02    5.27301    34.5259    34.5302    27.0362    1483.33    1483.86 0.0000e+00
      21974    306.000     7.0677     7.0711   3.505223   3.505939     2.3693      82.42     0.0297 5.1468e-02    5.27213    34.5258    34.5303    27.0361    1483.35    1483.86 0.0000e+00
      22046    307.000     7.0678     7.0712   3.505286   3.505991     2.3694      44.15     0.0259 5.1455e-02    5.27522    34.5260    34.5303    27.0362    1483.36    1483.86 0.0000e+00
      22118    308.000     7.0678     7.0713   3.505339   3.506045     2.3685      39.63     0.0255 5.1458e-02    5.26967    34.5260    34.5303    27.0362    1483.38    1483.86 0.0000e+00
      22190    309.000     7.0679     7.0714   3.505391   3.506106     2.3680      80.85     0.0251 5.1469e-02    5.26835    34.5260    34.5304    27.0362    1483.40    1483.86 0.0000e+00
      22261    310.000     7.0680     7.0714   3.505450   3.506156     2.3681      76.25     0.0284 5.1464e-02    5.27624    34.5261    34.5304    27.0362    1483.41    1483.86 0.0000e+00
      22331    311.000     7.0681     7.0715   3.505508   3.506230     2.3678      88.53     0.0314 5.1471e-02    5.26722    34.5261    34.5306    27.0363    1483.43    1483.86 0.0000e+00
      22402    312.000     7.0682     7.0716   3.505566   3.506280     2.3660      77.31     0.0271 5.1457e-02    5.26414    34.5262    34.5306    27.0363    1483.45    1483.85 0.0000e+00
      22473    313.000     7.0683     7.0717   3.505620   3.506334     2.3662      95.89     0.0246 5.1476e-02    5.27177    34.5262    34.5306    27.0363    1483.46    1483.85 0.0000e+00
      22544    314.000     7.0684     7.0718   3.505679   3.506389     2.3654      74.44     0.0265 5.1466e-02    5.26255    34.5262    34.5306    27.0363    1483.48    1483.85 0.0000e+00
      22615    315.000     7.0684     7.0719   3.505726   3.506442     2.3642      72.37     0.0262 5.1463e-02    5.25993    34.5263    34.5306    27.0363    1483.50    1483.85 0.0000e+00
      22685    316.000     7.0685     7.0719   3.505788   3.506500     2.3622      51.53     0.0278 5.1464e-02    5.25759    34.5264    34.5308    27.0364    1483.51    1483.85 0.0000e+00
      22755    317.000     7.0686     7.0720   3.505839   3.506555     2.3627      32.63     0.0289 5.1453e-02    5.26344    34.5263    34.5308    27.0364    1483.53    1483.85 0.0000e+00
      22826    318.000     7.0687     7.0722   3.505895   3.506611     2.3613      77.20     0.0253 5.1463e-02    5.25160    34.5264    34.5307    27.0364    1483.55    1483.85 0.0000e+00
      22896    319.000     7.0688     7.0722   3.505950   3.506662     2.3613      51.56     0.0273 5.1464e-02    5.26099    34.5264    34.5308    27.0364    1483.56    1483.85 0.0000e+00
      22967    320.000     7.0689     7.0723   3.506007   3.506718     2.3608      64.38     0.0263 5.1463e-02    5.25524    34.5264    34.5308    27.0364    1483.58    1483.85 0.0000e+00
      23038    321.000     7.0690     7.0724   3.506063   3.506773     2.3612      71.58     0.0250 5.1459e-02    5.26383    34.5264    34.5308    27.0364    1483.60    1483.84 0.0000e+00
      23108    322.000     7.0691     7.0725   3.506117   3.506830     2.3613      63.23     0.0254 5.1449e-02    5.25556    34.5264    34.5309    27.0364    1483.61    1483.84 0.0000e+00
      23179    323.000     7.0692     7.0726   3.506171   3.506882     2.3611      79.57     0.0271 5.1463e-02    5.26635    34.5264    34.5308    27.0364    1483.63    1483.84 0.0000e+00
      23249    324.000     7.0692     7.0727   3.506228   3.506943     2.3630      75.30     0.0292 5.1478e-02    5.26554    34.5266    34.5309    27.0365    1483.65    1483.84 0.0000e+00
      23320    325.000     7.0694     7.0728   3.506278   3.506995     2.3611      87.88     0.0285 5.1469e-02    5.25835    34.5264    34.5309    27.0363    1483.67    1483.84 0.0000e+00
      23391    326.000     7.0694     7.0728   3.506335   3.507049     2.3618      83.96     0.0258 5.1469e-02    5.27044    34.5266    34.5310    27.0364    1483.68    1483.84 0.0000e+00
      23461    327.000     7.0695     7.0729   3.506386   3.507102     2.3625      76.90     0.0283 5.1455e-02    5.26630    34.5266    34.5310    27.0364    1483.70    1483.84 0.0000e+00
      23531    328.000     7.0696     7.0730   3.506435   3.507153     2.3623      82.99     0.0273 5.1468e-02    5.26417    34.5265    34.5310    27.0364    1483.72    1483.84 0.0000e+00
      23602    329.000     7.0697     7.0731   3.506490   3.507213     2.3617      92.75     0.0241 5.1453e-02    5.26794    34.5265    34.5310    27.0364    1483.73    1483.84 0.0000e+00
      23673    330.000     7.0698     7.0732   3.506543   3.507263     2.3590      76.91     0.0259 5.1461e-02    5.24940    34.5265    34.5310    27.0363    1483.75    1483.84 0.0000e+00
      23744    331.000     7.0699     7.0732   3.506609   3.507329     2.3559      89.62     0.0253 5.1473e-02    5.24523    34.5266    34.5312    27.0364    1483.77    1483.84 0.0000e+00
      23814    332.000     7.0700     7.0733   3.506667   3.507385     2.3550      76.79     0.0276 5.1472e-02    5.25206    34.5267    34.5313    27.0365    1483.78    1483.84 0.0000e+00
      23886    333.000     7.0700     7.0734   3.506724   3.507445     2.3577      75.09     0.0299 5.1474e-02    5.26153    34.5268    34.5313    27.0366    1483.80    1483.84 0.0000e+00
      23958    334.000     7.0701     7.0735   3.506780   3.507499     2.3554      63.54     0.0295 5.1466e-02    5.24208    34.5269    34.5313    27.0366    1483.82    1483.84 0.0000e+00
      24029    335.000     7.0702     7.0736   3.506839   3.507553     2.3530      74.29     0.0304 5.1459e-02    5.24428    34.5269    34.5313    27.0366    1483.83    1483.84 0.0000e+00
      24100    336.000     7.0703     7.0737   3.506899   3.507609     2.3541      54.65     0.0263 5.1469e-02    5.25262    34.5270    34.5314    27.0366    1483.85    1483.84 0.0000e+00
      24170    337.000     7.0703     7.0737   3.506950   3.507668     2.3545      58.08     0.0273 5.1464e-02    5.25119    34.5271    34.5315    27.0367    1483.87    1483.84 0.0000e+00
      24240    338.000     7.0704     7.0737   3.507007   3.507725     2.3546      74.97     0.0279 5.1466e-02    5.25261    34.5271    34.5317    27.0367    1483.88    1483.84 0.0000e+00
      24310    339.000     7.0705     7.0739   3.507057   3.507779     2.3556      88.37     0.0282 5.1475e-02    5.25241    34.5271    34.5316    27.0367    1483.90    1483.84 0.0000e+00
      24381    340.000     7.0706     7.0739   3.507118   3.507834     2.3509      48.92     0.0245 5.1457e-02    5.23257    34.5271    34.5317    27.0367    1483.92    1483.84 0.0000e+00
      24452    341.000     7.0707     7.0740   3.507173   3.507891     2.3497      77.16     0.0253 5.1469e-02    5.24267    34.5272    34.5317    27.0367    1483.93    1483.84 0.0000e+00
      24523    342.000     7.0708     7.0741   3.507228   3.507945     2.3515      64.30     0.0278 5.1480e-02    5.24843    34.5272    34.5317    27.0367    1483.95    1483.84 0.0000e+00
      24593    343.000     7.0708     7.0741   3.507284   3.508003     2.3506      60.34     0.0282 5.1463e-02    5.24186    34.5273    34.5319    27.0368    1483.97    1483.84 0.0000e+00
      24663    344.000     7.0709     7.0743   3.507337   3.508058     2.3505      44.43     0.0290 5.1462e-02    5.24067    34.5273    34.5318    27.0368    1483.98    1483.84 0.0000e+00
