DigitalOcean/CTDs/sta0318.cnv
* Sea-Bird SBE 9 Data File:
* FileName = C:\Seabird\CTDData\sta0318.hex
* Software Version Seasave V 7.21f
* Temperature SN = 4385
* Conductivity SN = 2140
* Number of Bytes Per Scan = 34
* Number of Voltage Words = 3
* Number of Scans Averaged by the Deck Unit = 1
* NMEA Latitude = 70 07.46 N
* NMEA Longitude = 020 59.65 E
* NMEA UTC (Time) = Nov 22 2017 11:49:22
* NMEA baud rate = 4800
** Ship: 10 F/F "G. O. Sars"
** Station: 0318
** Echodepth: 263
** Log: 1259.6
** Wind-Dir Force: 14 16
** Air-temp (dry): -1.9
** Weather Sky: 2 6
** Sea Ice: 2 0
# nquan = 17                                
# nvalues = 250                         
# units = specified
# name 0 = scan: Scan Count
# name 1 = prDM: Pressure, Digiquartz [db]
# name 2 = t068C: Temperature [ITS-68, deg C]
# name 3 = t168C: Temperature, 2 [ITS-68, deg C]
# name 4 = c0S/m: Conductivity [S/m]
# name 5 = c1S/m: Conductivity, 2 [S/m]
# name 6 = sbeox0V: Oxygen raw, SBE 43 [V]
# name 7 = altM: Altimeter [m]
# name 8 = flC: Fluorescence, Chelsea Aqua 3 Chl Con [ug/l]
# name 9 = par: PAR/Irradiance, Biospherical/Licor
# name 10 = sbeox0ML/L: Oxygen, SBE 43 [ml/l], WS = 2
# name 11 = sal00: Salinity, Practical [PSU]
# name 12 = sal11: Salinity, Practical, 2 [PSU]
# name 13 = sigma-t00: Density [sigma-t, Kg/m^3 ]
# name 14 = svCM: Sound Velocity [Chen-Millero, m/s]
# name 15 = avgsvCM: Average Sound Velocity [Chen-Millero, m/s], minP = 1, minS = 5
# name 16 = flag: flag
# span 0 =        423,       5832       
# span 1 =      3.000,    252.000       
# span 2 =     6.5754,     8.3563       
# span 3 =     6.5796,     8.3565       
# span 4 =   3.469395,   3.547110       
# span 5 =   3.470035,   3.548003       
# span 6 =     2.4643,     2.6938       
# span 7 =      12.80,      99.40       
# span 8 =     0.0212,     0.0534       
# span 9 = 5.1418e-02, 2.5554e+00       
# span 10 =    5.56190,    5.84867      
# span 11 =    33.7005,    34.6542      
# span 12 =    33.7014,    34.6572      
# span 13 =    26.2249,    27.2044      
# span 14 =    1480.62,    1483.98      
# span 15 =    1481.57,    1482.76      
# span 16 = 0.0000e+00, 0.0000e+00      
# interval = decibars: 1                
# start_time = Nov 22 2017 11:49:25 [System UTC, header]
# bad_flag = -9.990e-29
*END*
[from data line 86]
       2287     89.000     8.2251     8.2297   3.524776   3.525413     2.6628      91.96     0.0518 5.1473e-02    5.81020    33.7076    33.7099    26.2257    1483.18    1482.37 0.0000e+00
       2309     90.000     8.2258     8.2306   3.524883   3.525541     2.6622      96.76     0.0504 5.1458e-02    5.79949    33.7076    33.7100    26.2256    1483.20    1482.38 0.0000e+00
       2330     91.000     8.2240     8.2297   3.524738   3.525471     2.6606      96.76     0.0496 5.1446e-02    5.79707    33.7073    33.7096    26.2256    1483.20    1482.39 0.0000e+00
       2351     92.000     8.2229     8.2284   3.524665   3.525396     2.6597      96.64     0.0468 5.1444e-02    5.80092    33.7071    33.7096    26.2257    1483.22    1482.40 0.0000e+00
       2373     93.000     8.2603     8.2634   3.529510   3.529898     2.6602      94.52     0.0456 5.1447e-02    5.80847    33.7222    33.7234    26.2319    1483.39    1482.41 0.0000e+00
       2393     94.000     8.2809     8.2880   3.531680   3.532720     2.6622      94.14     0.0444 5.1467e-02    5.81488    33.7251    33.7293    26.2310    1483.49    1482.42 0.0000e+00
       2415     95.000     8.2678     8.2758   3.530224   3.531287     2.6639      96.28     0.0474 5.1457e-02    5.81449    33.7217    33.7253    26.2304    1483.45    1482.43 0.0000e+00
       2436     96.000     8.2683     8.2749   3.530378   3.531286     2.6634      96.40     0.0529 5.1466e-02    5.79404    33.7224    33.7257    26.2308    1483.47    1482.44 0.0000e+00
       2457     97.000     8.2759     8.2813   3.531346   3.532103     2.6594      96.17     0.0477 5.1471e-02    5.76714    33.7249    33.7277    26.2317    1483.52    1482.46 0.0000e+00
       2479     98.000     8.2841     8.2894   3.532352   3.533078     2.6543      96.34     0.0503 5.1473e-02    5.75627    33.7272    33.7299    26.2323    1483.57    1482.47 0.0000e+00
       2500     99.000     8.2693     8.2716   3.530597   3.531007     2.6515      96.49     0.0534 5.1432e-02    5.76341    33.7223    33.7245    26.2306    1483.53    1482.48 0.0000e+00
       2520    100.000     8.2916     8.2946   3.533346   3.533825     2.6495      94.46     0.0524 5.1439e-02    5.75265    33.7297    33.7319    26.2330    1483.63    1482.49 0.0000e+00
       2541    101.000     8.2928     8.2970   3.533529   3.534143     2.6461      94.70     0.0497 5.1460e-02    5.74429    33.7300    33.7325    26.2331    1483.66    1482.50 0.0000e+00
       2562    102.000     8.3563     8.3518   3.541887   3.541518     2.6444      94.93     0.0456 5.1445e-02    5.73949    33.7573    33.7577    26.2449    1483.94    1482.51 0.0000e+00
       2583    103.000     8.3527     8.3565   3.544393   3.545071     2.6434      95.10     0.0430 5.1460e-02    5.74413    33.7868    33.7903    26.2687    1483.98    1482.53 0.0000e+00
       2604    104.000     8.3176     8.3176   3.541679   3.542001     2.6439      95.06     0.0407 5.1473e-02    5.75657    33.7913    33.7947    26.2774    1483.87    1482.54 0.0000e+00
       2626    105.000     8.3155     8.3198   3.541657   3.542313     2.6442      95.04     0.0365 5.1464e-02    5.73483    33.7926    33.7954    26.2788    1483.88    1482.55 0.0000e+00
       2648    106.000     8.3116     8.3174   3.541354   3.542146     2.6376      95.07     0.0392 5.1464e-02    5.68287    33.7926    33.7955    26.2794    1483.89    1482.57 0.0000e+00
       2669    107.000     8.3084     8.3125   3.541099   3.541722     2.6280      94.97     0.0411 5.1466e-02    5.65352    33.7925    33.7952    26.2798    1483.89    1482.58 0.0000e+00
       2690    108.000     8.3029     8.3083   3.540659   3.541362     2.6202      94.91     0.0426 5.1445e-02    5.64447    33.7927    33.7949    26.2808    1483.89    1482.59 0.0000e+00
       2711    109.000     8.2871     8.2870   3.539193   3.539395     2.6135      94.76     0.0430 5.1452e-02    5.63497    33.7918    33.7941    26.2825    1483.84    1482.60 0.0000e+00
       2731    110.000     8.2519     8.2501   3.536273   3.536335     2.6080      94.77     0.0434 5.1447e-02    5.63683    33.7942    33.7965    26.2896    1483.73    1482.61 0.0000e+00
       2752    111.000     8.2438     8.2412   3.535621   3.535806     2.6042      94.52     0.0424 5.1484e-02    5.63752    33.7945    33.7990    26.2911    1483.72    1482.62 0.0000e+00
       2774    112.000     8.2260     8.2302   3.534954   3.535584     2.6014      94.19     0.0443 5.1466e-02    5.63472    33.8041    33.8068    26.3013    1483.68    1482.63 0.0000e+00
       2795    113.000     8.2205     8.2250   3.535013   3.535654     2.5981      93.94     0.0432 5.1439e-02    5.62316    33.8096    33.8120    26.3064    1483.68    1482.64 0.0000e+00
       2816    114.000     8.2153     8.2196   3.535347   3.536013     2.5942      93.88     0.0400 5.1439e-02    5.61111    33.8176    33.8206    26.3135    1483.69    1482.65 0.0000e+00
       2837    115.000     8.2098     8.2147   3.535737   3.536390     2.5903      93.70     0.0387 5.1446e-02    5.60010    33.8266    33.8288    26.3214    1483.69    1482.66 0.0000e+00
       2858    116.000     8.2022     8.2068   3.535885   3.536543     2.5857      93.22     0.0367 5.1477e-02    5.58328    33.8350    33.8376    26.3291    1483.69    1482.67 0.0000e+00
       2880    117.000     8.1873     8.1921   3.535768   3.536401     2.5806      87.32     0.0359 5.1446e-02    5.57788    33.8477    33.8498    26.3413    1483.67    1482.68 0.0000e+00
       2901    118.000     8.1681     8.1714   3.535129   3.535734     2.5777      93.69     0.0370 5.1459e-02    5.58599    33.8589    33.8622    26.3530    1483.63    1482.69 0.0000e+00
       2922    119.000     8.1370     8.1409   3.533941   3.534543     2.5760      93.66     0.0377 5.1459e-02    5.58247    33.8758    33.8784    26.3709    1483.55    1482.69 0.0000e+00
       2944    120.000     8.1267     8.1308   3.533659   3.534281     2.5725      92.88     0.0404 5.1464e-02    5.56858    33.8823    33.8849    26.3775    1483.53    1482.70 0.0000e+00
       2965    121.000     8.1145     8.1188   3.533270   3.533904     2.5693      91.98     0.0397 5.1459e-02    5.57100    33.8894    33.8920    26.3849    1483.51    1482.71 0.0000e+00
       2986    122.000     8.1031     8.1067   3.532763   3.533368     2.5680      90.85     0.0417 5.1466e-02    5.57768    33.8945    33.8975    26.3907    1483.49    1482.71 0.0000e+00
       3006    123.000     8.0842     8.0880   3.531767   3.532362     2.5672      90.60     0.0393 5.1440e-02    5.57466    33.9017    33.9044    26.3991    1483.44    1482.72 0.0000e+00
       3027    124.000     8.0511     8.0542   3.529827   3.530349     2.5650      90.78     0.0392 5.1484e-02    5.57042    33.9125    33.9151    26.4125    1483.35    1482.72 0.0000e+00
       3049    125.000     8.0366     8.0414   3.529071   3.529787     2.5634      76.27     0.0385 5.1446e-02    5.57781    33.9180    33.9210    26.4190    1483.32    1482.73 0.0000e+00
       3071    126.000     8.0389     8.0435   3.529616   3.530272     2.5638      69.31     0.0395 5.1438e-02    5.58321    33.9212    33.9237    26.4211    1483.35    1482.73 0.0000e+00
       3091    127.000     8.0200     8.0244   3.529337   3.529976     2.5630      98.79     0.0396 5.1469e-02    5.58006    33.9360    33.9386    26.4355    1483.31    1482.74 0.0000e+00
       3112    128.000     7.9828     7.9870   3.527564   3.528179     2.5629      98.85     0.0390 5.1480e-02    5.58852    33.9526    33.9551    26.4541    1483.21    1482.74 0.0000e+00
       3133    129.000     7.9772     7.9817   3.527261   3.527888     2.5628      98.85     0.0412 5.1458e-02    5.58401    33.9543    33.9567    26.4563    1483.20    1482.75 0.0000e+00
       3155    130.000     7.9707     7.9751   3.526886   3.527516     2.5609      98.82     0.0397 5.1446e-02    5.57162    33.9561    33.9586    26.4586    1483.20    1482.75 0.0000e+00
       3176    131.000     7.9563     7.9607   3.526136   3.526774     2.5589      98.49     0.0353 5.1471e-02    5.57839    33.9616    33.9642    26.4651    1483.17    1482.75 0.0000e+00
       3197    132.000     7.9392     7.9428   3.525419   3.526012     2.5594      94.69     0.0349 5.1487e-02    5.58679    33.9701    33.9729    26.4742    1483.13    1482.75 0.0000e+00
       3219    133.000     7.8983     7.9002   3.522237   3.522632     2.5585      91.25     0.0358 5.1453e-02    5.57659    33.9752    33.9776    26.4843    1483.00    1482.76 0.0000e+00
       3240    134.000     7.8684     7.8726   3.520432   3.521029     2.5554      78.86     0.0347 5.1466e-02    5.57135    33.9844    33.9868    26.4959    1482.91    1482.76 0.0000e+00
       3261    135.000     7.8574     7.8617   3.520363   3.520975     2.5542      90.90     0.0359 5.1480e-02    5.58267    33.9939    33.9963    26.5050    1482.90    1482.76 0.0000e+00
       3282    136.000     7.8311     7.8354   3.519380   3.519969     2.5546      90.99     0.0348 5.1473e-02    5.59811    34.0085    34.0106    26.5202    1482.83    1482.76 0.0000e+00
       3303    137.000     7.8221     7.8264   3.519436   3.520043     2.5564      91.28     0.0380 5.1473e-02    5.61238    34.0174    34.0197    26.5285    1482.82    1482.76 0.0000e+00
       3324    138.000     7.8017     7.8059   3.518472   3.519073     2.5588      69.01     0.0358 5.1444e-02    5.61121    34.0264    34.0288    26.5386    1482.77    1482.76 0.0000e+00
       3346    139.000     7.7876     7.7922   3.518075   3.518705     2.5575      57.93     0.0361 5.1473e-02    5.59648    34.0354    34.0377    26.5478    1482.75    1482.76 0.0000e+00
       3367    140.000     7.7514     7.7556   3.516308   3.516909     2.5565      97.02     0.0353 5.1452e-02    5.59895    34.0512    34.0536    26.5655    1482.65    1482.76 0.0000e+00
       3388    141.000     7.7198     7.7237   3.515102   3.515718     2.5553      98.86     0.0365 5.1459e-02    5.60400    34.0686    34.0715    26.5837    1482.57    1482.76 0.0000e+00
       3409    142.000     7.6992     7.7053   3.514898   3.515517     2.5547      98.88     0.0363 5.1453e-02    5.59796    34.0861    34.0868    26.6004    1482.52    1482.76 0.0000e+00
       3430    143.000     7.6658     7.6697   3.514701   3.515331     2.5522      98.88     0.0337 5.1471e-02    5.59939    34.1162    34.1192    26.6289    1482.45    1482.75 0.0000e+00
       3452    144.000     7.6286     7.6321   3.515143   3.515751     2.5524      98.88     0.0340 5.1466e-02    5.61147    34.1569    34.1601    26.6663    1482.38    1482.75 0.0000e+00
       3473    145.000     7.5955     7.5995   3.514750   3.515344     2.5517      98.88     0.0362 5.1480e-02    5.60619    34.1847    34.1872    26.6929    1482.30    1482.75 0.0000e+00
       3494    146.000     7.5716     7.5761   3.515764   3.516406     2.5500      98.88     0.0354 5.1460e-02    5.59543    34.2187    34.2212    26.7231    1482.27    1482.74 0.0000e+00
       3515    147.000     7.5953     7.6032   3.521675   3.522703     2.5470      98.88     0.0338 5.1464e-02    5.58263    34.2589    34.2622    26.7513    1482.43    1482.74 0.0000e+00
       3537    148.000     7.7141     7.7181   3.536403   3.536981     2.5450      53.02     0.0350 5.1459e-02    5.58086    34.3005    34.3028    26.7668    1482.95    1482.74 0.0000e+00
       3559    149.000     7.7866     7.7915   3.547110   3.548003     2.5482      99.40     0.0342 5.1451e-02    5.60828    34.3441    34.3489    26.7905    1483.29    1482.75 0.0000e+00
       3580    150.000     7.7341     7.7396   3.542982   3.543829     2.5540      98.88     0.0314 5.1453e-02    5.63192    34.3508    34.3546    26.8035    1483.12    1482.75 0.0000e+00
       3601    151.000     7.6847     7.6932   3.538551   3.539626     2.5569      98.88     0.0300 5.1447e-02    5.62569    34.3512    34.3544    26.8110    1482.95    1482.75 0.0000e+00
       3621    152.000     7.6003     7.6039   3.534571   3.535184     2.5573      98.88     0.0286 5.1481e-02    5.62783    34.3910    34.3941    26.8545    1482.69    1482.75 0.0000e+00
       3642    153.000     7.5784     7.5794   3.534345   3.534877     2.5571      98.87     0.0265 5.1459e-02    5.62699    34.4098    34.4145    26.8724    1482.65    1482.75 0.0000e+00
       3664    154.000     7.5537     7.5583   3.533143   3.533788     2.5567      98.88     0.0297 5.1458e-02    5.63096    34.4207    34.4231    26.8845    1482.58    1482.75 0.0000e+00
       3685    155.000     7.5499     7.5547   3.532868   3.533578     2.5567      98.88     0.0277 5.1466e-02    5.62755    34.4210    34.4239    26.8853    1482.59    1482.75 0.0000e+00
       3707    156.000     7.5166     7.5223   3.530330   3.531099     2.5549      90.41     0.0300 5.1418e-02    5.62053    34.4260    34.4287    26.8940    1482.48    1482.75 0.0000e+00
       3728    157.000     7.4564     7.4585   3.525592   3.526022     2.5531      98.51     0.0331 5.1451e-02    5.62566    34.4337    34.4363    26.9088    1482.28    1482.74 0.0000e+00
       3750    158.000     7.4299     7.4344   3.524112   3.524721     2.5519      98.87     0.0303 5.1432e-02    5.62796    34.4435    34.4456    26.9202    1482.20    1482.74 0.0000e+00
       3770    159.000     7.3995     7.4042   3.521617   3.522236     2.5501      98.88     0.0284 5.1469e-02    5.62438    34.4460    34.4481    26.9266    1482.11    1482.74 0.0000e+00
       3791    160.000     7.3916     7.3953   3.521310   3.521832     2.5483      98.61     0.0304 5.1438e-02    5.61464    34.4501    34.4521    26.9309    1482.10    1482.73 0.0000e+00
       3813    161.000     7.3783     7.3831   3.520361   3.521044     2.5445      24.88     0.0313 5.1485e-02    5.60619    34.4525    34.4551    26.9346    1482.07    1482.73 0.0000e+00
       3834    162.000     7.3376     7.3420   3.517467   3.518122     2.5429      80.12     0.0319 5.1464e-02    5.61822    34.4609    34.4637    26.9471    1481.94    1482.72 0.0000e+00
       3856    163.000     7.3305     7.3346   3.517774   3.518366     2.5414      98.54     0.0316 5.1453e-02    5.61044    34.4708    34.4732    26.9559    1481.94    1482.72 0.0000e+00
       3877    164.000     7.3377     7.3437   3.518987   3.519846     2.5390      98.88     0.0324 5.1476e-02    5.59990    34.4764    34.4798    26.9592    1481.99    1482.71 0.0000e+00
       3898    165.000     7.3425     7.3470   3.520191   3.520859     2.5363      98.87     0.0337 5.1464e-02    5.59388    34.4842    34.4870    26.9647    1482.03    1482.71 0.0000e+00
       3919    166.000     7.3313     7.3353   3.519680   3.520222     2.5349      98.88     0.0300 5.1466e-02    5.60383    34.4893    34.4913    26.9703    1482.01    1482.71 0.0000e+00
       3940    167.000     7.3318     7.3370   3.520229   3.520987     2.5347      98.87     0.0300 5.1466e-02    5.60727    34.4943    34.4974    26.9742    1482.04    1482.70 0.0000e+00
       3961    168.000     7.3397     7.3481   3.521330   3.522529     2.5348      98.87     0.0301 5.1452e-02    5.61325    34.4980    34.5027    26.9759    1482.09    1482.70 0.0000e+00
       3982    169.000     7.3287     7.3336   3.520985   3.521684     2.5360      98.84     0.0277 5.1460e-02    5.61714    34.5047    34.5074    26.9828    1482.07    1482.69 0.0000e+00
       4003    170.000     7.2947     7.2979   3.518006   3.518578     2.5357      75.18     0.0264 5.1466e-02    5.61713    34.5056    34.5086    26.9883    1481.96    1482.69 0.0000e+00
       4024    171.000     7.2860     7.2911   3.517393   3.518101     2.5361      81.38     0.0264 5.1459e-02    5.62730    34.5071    34.5097    26.9907    1481.94    1482.69 0.0000e+00
       4045    172.000     7.2811     7.2839   3.517096   3.517632     2.5371      99.12     0.0297 5.1452e-02    5.62572    34.5082    34.5113    26.9923    1481.94    1482.68 0.0000e+00
