DigitalOcean/CTDs/sta0321.cnv
* Sea-Bird SBE 9 Data File:
* FileName = C:\Seabird\CTDData\sta0321.hex
* Software Version Seasave V 7.21f
* Temperature SN = 4385
* Conductivity SN = 2140
* Number of Bytes Per Scan = 34
* Number of Voltage Words = 3
* Number of Scans Averaged by the Deck Unit = 1
* NMEA Latitude = 67 07.93 N
* NMEA Longitude = 014 17.17 E
* NMEA UTC (Time) = Dec 01 2017 18:37:56
* NMEA baud rate = 4800
** Ship: 10 F/F "G. O. Sars"
** Station: 0321
** Echodepth: 387
** Log: 2486.7
** Wind-Dir Force: 22 24
** Air-temp (dry): 5.3
** Weather Sky: 2 6
** Sea Ice: 2 0
# nquan = 17                                
# nvalues = 371                         
# units = specified
# name 0 = scan: Scan Count
# name 1 = prDM: Pressure, Digiquartz [db]
# name 2 = t068C: Temperature [ITS-68, deg C]
# name 3 = t168C: Temperature, 2 [ITS-68, deg C]
# name 4 = c0S/m: Conductivity [S/m]
# name 5 = c1S/m: Conductivity, 2 [S/m]
# name 6 = sbeox0V: Oxygen raw, SBE 43 [V]
# name 7 = altM: Altimeter [m]
# name 8 = flC: Fluorescence, Chelsea Aqua 3 Chl Con [ug/l]
# name 9 = par: PAR/Irradiance, Biospherical/Licor
# name 10 = sbeox0ML/L: Oxygen, SBE 43 [ml/l], WS = 2
# name 11 = sal00: Salinity, Practical [PSU]
# name 12 = sal11: Salinity, Practical, 2 [PSU]
# name 13 = sigma-t00: Density [sigma-t, Kg/m^3 ]
# name 14 = svCM: Sound Velocity [Chen-Millero, m/s]
# name 15 = avgsvCM: Average Sound Velocity [Chen-Millero, m/s], minP = 1, minS = 5
# name 16 = flag: flag
# span 0 =       3014,      29473       
# span 1 =      5.000,    375.000       
# span 2 =     7.0589,     9.7502       
# span 3 =     7.0625,     9.7527       
# span 4 =   3.494628,   3.657496       
# span 5 =   3.495221,   3.658282       
# span 6 =     2.3254,     2.7211       
# span 7 =      16.24,      98.91       
# span 8 =     0.0224,     0.0439       
# span 9 = 5.1441e-02, 5.1495e-02       
# span 10 =    5.18992,    5.82077      
# span 11 =    32.7788,    34.5277      
# span 12 =    32.7829,    34.5326      
# span 13 =    25.3883,    27.0368      
# span 14 =    1480.83,    1488.70      
# span 15 =    1483.34,    1486.56      
# span 16 = 0.0000e+00, 0.0000e+00      
# interval = decibars: 1                
# start_time = Dec 01 2017 18:37:59 [System UTC, header]
# bad_flag = -9.990e-29
*END*
       3014      5.000     8.9435     8.9464   3.497064   3.497716     2.7150      98.91     0.0393 5.1464e-02    5.81656    32.7788    32.7829    25.3883    1483.34    1483.34 0.0000e+00
       3082      6.000     8.9443     8.9480   3.497208   3.497907     2.7124      98.91     0.0385 5.1460e-02    5.81348    32.7791    32.7830    25.3884    1483.36    1483.34 0.0000e+00
       3152      7.000     8.9444     8.9471   3.497696   3.498245     2.7101      98.91     0.0415 5.1462e-02    5.80612    32.7836    32.7869    25.3919    1483.38    1483.34 0.0000e+00
       3224      8.000     8.9445     8.9479   3.497771   3.498505     2.7113      98.91     0.0371 5.1469e-02    5.81470    32.7839    32.7884    25.3921    1483.40    1483.35 0.0000e+00
       3296      9.000     8.9472     8.9509   3.498213   3.498981     2.7085      98.91     0.0370 5.1470e-02    5.80560    32.7855    32.7901    25.3930    1483.42    1483.36 0.0000e+00
       3368     10.000     8.9468     8.9497   3.498215   3.498850     2.7105      98.91     0.0390 5.1460e-02    5.81407    32.7855    32.7894    25.3930    1483.44    1483.37 0.0000e+00
       3440     11.000     8.9490     8.9524   3.498590   3.499327     2.7095      90.06     0.0388 5.1474e-02    5.81307    32.7869    32.7914    25.3937    1483.46    1483.38 0.0000e+00
       3511     12.000     8.9529     8.9554   3.499128   3.499727     2.7101      72.84     0.0401 5.1478e-02    5.80964    32.7884    32.7924    25.3944    1483.50    1483.39 0.0000e+00
       3584     13.000     8.9505     8.9557   3.498844   3.499716     2.7107      70.17     0.0381 5.1462e-02    5.82077    32.7872    32.7915    25.3938    1483.50    1483.40 0.0000e+00
       3656     14.000     8.9561     8.9640   3.499694   3.501185     2.7115      86.90     0.0395 5.1483e-02    5.81406    32.7905    32.7987    25.3954    1483.54    1483.41 0.0000e+00
       3728     15.000     8.9954     9.0014   3.505558   3.506787     2.7082      78.51     0.0363 5.1470e-02    5.79635    32.8147    32.8220    25.4083    1483.74    1483.43 0.0000e+00
       3800     16.000     9.0059     9.0083   3.507280   3.507819     2.7050      73.90     0.0401 5.1483e-02    5.78984    32.8225    32.8259    25.4128    1483.80    1483.45 0.0000e+00
       3872     17.000     9.0015     9.0038   3.506557   3.507110     2.7044      94.56     0.0381 5.1470e-02    5.79383    32.8186    32.8222    25.4104    1483.80    1483.47 0.0000e+00
       3945     18.000     8.9989     9.0015   3.506198   3.506787     2.7060      79.38     0.0404 5.1478e-02    5.80289    32.8168    32.8205    25.4094    1483.80    1483.49 0.0000e+00
       4016     19.000     9.0169     9.0164   3.509112   3.509241     2.7078      75.38     0.0436 5.1473e-02    5.80466    32.8300    32.8318    25.4169    1483.90    1483.51 0.0000e+00
       4088     20.000     9.0436     9.0556   3.513385   3.515546     2.7076      89.10     0.0404 5.1466e-02    5.79452    32.8493    32.8607    25.4279    1484.04    1483.54 0.0000e+00
       4161     21.000     9.0789     9.0817   3.519180   3.519824     2.7064      83.83     0.0389 5.1446e-02    5.78577    32.8765    32.8806    25.4436    1484.22    1483.57 0.0000e+00
       4232     22.000     9.0848     9.0877   3.520393   3.521047     2.7017      75.90     0.0406 5.1475e-02    5.77115    32.8832    32.8873    25.4479    1484.27    1483.60 0.0000e+00
       4305     23.000     9.0911     9.0949   3.521727   3.522592     2.7030      77.46     0.0412 5.1461e-02    5.78321    32.8907    32.8962    25.4528    1484.31    1483.63 0.0000e+00
       4377     24.000     9.0976     9.1008   3.523242   3.523986     2.7061      85.81     0.0392 5.1453e-02    5.79100    32.9000    32.9048    25.4590    1484.37    1483.66 0.0000e+00
       4448     25.000     9.0963     9.0992   3.523519   3.524201     2.7075      83.86     0.0398 5.1468e-02    5.79720    32.9036    32.9080    25.4621    1484.38    1483.69 0.0000e+00
       4521     26.000     9.0973     9.1009   3.523942   3.524718     2.7070      74.81     0.0420 5.1472e-02    5.78272    32.9066    32.9114    25.4643    1484.41    1483.72 0.0000e+00
       4594     27.000     9.1020     9.1077   3.524583   3.525737     2.7053      83.55     0.0436 5.1468e-02    5.78953    32.9085    32.9152    25.4650    1484.44    1483.75 0.0000e+00
       4665     28.000     9.1208     9.1249   3.527661   3.528561     2.7071      73.84     0.0423 5.1473e-02    5.79426    32.9226    32.9281    25.4731    1484.55    1483.77 0.0000e+00
       4737     29.000     9.1295     9.1377   3.529113   3.530525     2.7067      83.19     0.0390 5.1452e-02    5.77507    32.9292    32.9362    25.4768    1484.60    1483.80 0.0000e+00
       4809     30.000     9.1351     9.1396   3.530123   3.530988     2.7016      83.54     0.0389 5.1470e-02    5.77097    32.9340    32.9388    25.4797    1484.65    1483.83 0.0000e+00
       4882     31.000     9.1614     9.1681   3.533959   3.535291     2.7050      80.21     0.0407 5.1457e-02    5.78950    32.9490    32.9566    25.4873    1484.78    1483.86 0.0000e+00
       4956     32.000     9.1800     9.1844   3.536817   3.537703     2.7068      71.97     0.0411 5.1476e-02    5.77372    32.9610    32.9661    25.4937    1484.88    1483.89 0.0000e+00
       5028     33.000     9.2059     9.2064   3.540927   3.541238     2.7029      86.90     0.0426 5.1473e-02    5.76758    32.9791    32.9819    25.5039    1485.01    1483.93 0.0000e+00
       5099     34.000     9.2253     9.2298   3.544311   3.545425     2.7048      78.78     0.0419 5.1452e-02    5.77681    32.9958    33.0031    25.5138    1485.12    1483.96 0.0000e+00
       5171     35.000     9.2124     9.2153   3.546669   3.547445     2.7090      74.57     0.0417 5.1485e-02    5.78402    33.0317    33.0370    25.5439    1485.13    1484.00 0.0000e+00
       5243     36.000     9.1610     9.1626   3.544113   3.544661     2.7090      81.73     0.0433 5.1472e-02    5.79749    33.0523    33.0565    25.5682    1484.98    1484.02 0.0000e+00
       5316     37.000     9.1474     9.1507   3.543065   3.543764     2.7145      85.19     0.0439 5.1448e-02    5.81153    33.0536    33.0578    25.5714    1484.95    1484.05 0.0000e+00
       5388     38.000     9.1643     9.1708   3.545491   3.546658     2.7172      83.13     0.0411 5.1471e-02    5.81830    33.0627    33.0687    25.5758    1485.04    1484.07 0.0000e+00
       5459     39.000     9.2420     9.2453   3.554688   3.555631     2.7211      74.56     0.0402 5.1465e-02    5.81696    33.0854    33.0921    25.5812    1485.37    1484.11 0.0000e+00
       5530     40.000     9.3425     9.3486   3.566391   3.567793     2.7200      89.11     0.0376 5.1470e-02    5.78383    33.1128    33.1216    25.5866    1485.79    1484.15 0.0000e+00
       5602     41.000     9.5209     9.5266   3.587463   3.588846     2.7123      82.15     0.0396 5.1470e-02    5.74173    33.1643    33.1733    25.5981    1486.52    1484.21 0.0000e+00
       5675     42.000     9.5269     9.5215   3.588623   3.588526     2.7047      74.41     0.0411 5.1466e-02    5.70379    33.1702    33.1742    25.6018    1486.57    1484.26 0.0000e+00
       5747     43.000     9.4934     9.5004   3.585100   3.586203     2.6955      74.01     0.0384 5.1469e-02    5.70460    33.1646    33.1694    25.6028    1486.46    1484.31 0.0000e+00
       5818     44.000     9.3508     9.3569   3.570166   3.570962     2.6927      92.74     0.0387 5.1464e-02    5.71168    33.1423    33.1448    25.6083    1485.92    1484.35 0.0000e+00
       5890     45.000     9.3881     9.3891   3.574993   3.575570     2.6898      81.39     0.0390 5.1461e-02    5.72725    33.1571    33.1621    25.6139    1486.09    1484.39 0.0000e+00
       5962     46.000     9.4513     9.4545   3.582437   3.583242     2.6990      76.56     0.0389 5.1476e-02    5.73079    33.1748    33.1801    25.6175    1486.36    1484.43 0.0000e+00
       6034     47.000     9.4455     9.4501   3.582142   3.583040     2.6970      89.90     0.0379 5.1471e-02    5.71640    33.1767    33.1816    25.6200    1486.36    1484.47 0.0000e+00
       6107     48.000     9.4460     9.4489   3.582308   3.583048     2.6957      82.27     0.0396 5.1460e-02    5.72235    33.1775    33.1824    25.6205    1486.38    1484.51 0.0000e+00
       6179     49.000     9.4929     9.4933   3.587702   3.588179     2.6979      66.04     0.0373 5.1466e-02    5.72242    33.1891    33.1936    25.6220    1486.58    1484.56 0.0000e+00
       6250     50.000     9.5764     9.5799   3.597624   3.598613     2.6995      77.55     0.0377 5.1474e-02    5.71702    33.2133    33.2202    25.6274    1486.93    1484.60 0.0000e+00
       6322     51.000     9.6329     9.6362   3.604542   3.605354     2.6969      78.48     0.0379 5.1470e-02    5.68267    33.2316    33.2369    25.6324    1487.18    1484.65 0.0000e+00
       6395     52.000     9.6300     9.6330   3.604717   3.605478     2.6863      84.99     0.0369 5.1470e-02    5.65751    33.2356    33.2406    25.6360    1487.19    1484.70 0.0000e+00
       6468     53.000     9.6412     9.6443   3.606423   3.607227     2.6827      82.58     0.0355 5.1469e-02    5.66572    33.2423    33.2477    25.6394    1487.25    1484.75 0.0000e+00
       6542     54.000     9.6468     9.6497   3.607456   3.608222     2.6847      72.41     0.0369 5.1466e-02    5.66291    33.2473    33.2524    25.6424    1487.30    1484.80 0.0000e+00
       6614     55.000     9.6681     9.6701   3.610402   3.610997     2.6812      87.15     0.0369 5.1457e-02    5.64696    33.2573    33.2615    25.6467    1487.40    1484.84 0.0000e+00
       6685     56.000     9.5523     9.5539   3.598621   3.599135     2.6766      75.93     0.0399 5.1462e-02    5.65491    33.2432    33.2470    25.6546    1486.98    1484.88 0.0000e+00
       6757     57.000     9.5188     9.5208   3.595173   3.595748     2.6816      69.77     0.0412 5.1450e-02    5.69403    33.2383    33.2424    25.6563    1486.87    1484.92 0.0000e+00
       6830     58.000     9.5070     9.5150   3.594506   3.595772     2.6886      77.34     0.0376 5.1450e-02    5.70769    33.2420    33.2476    25.6610    1486.85    1484.95 0.0000e+00
       6902     59.000     9.5263     9.5319   3.597539   3.598641     2.6877      86.91     0.0372 5.1458e-02    5.69240    33.2548    33.2609    25.6679    1486.95    1484.98 0.0000e+00
       6974     60.000     9.5701     9.5745   3.603179   3.604139     2.6927      82.71     0.0382 5.1475e-02    5.70538    33.2717    33.2775    25.6740    1487.15    1485.02 0.0000e+00
       7045     61.000     9.6449     9.6520   3.612332   3.613811     2.6901      72.76     0.0380 5.1457e-02    5.67832    33.2959    33.3044    25.6807    1487.47    1485.06 0.0000e+00
       7116     62.000     9.7289     9.7303   3.623478   3.624062     2.6870      80.44     0.0369 5.1459e-02    5.65155    33.3318    33.3364    25.6949    1487.83    1485.11 0.0000e+00
       7188     63.000     9.7070     9.7082   3.621161   3.621735     2.6767      83.00     0.0370 5.1461e-02    5.62669    33.3279    33.3326    25.6955    1487.76    1485.15 0.0000e+00
       7262     64.000     9.6841     9.6804   3.618767   3.618630     2.6726      81.33     0.0384 5.1476e-02    5.63295    33.3241    33.3262    25.6963    1487.69    1485.19 0.0000e+00
       7334     65.000     9.5366     9.5471   3.603453   3.604909     2.6694      71.66     0.0369 5.1465e-02    5.63928    33.3034    33.3086    25.7042    1487.15    1485.22 0.0000e+00
       7405     66.000     9.5777     9.5813   3.609427   3.610362     2.6732      73.97     0.0391 5.1461e-02    5.66693    33.3261    33.3324    25.7153    1487.34    1485.25 0.0000e+00
       7476     67.000     9.6341     9.6381   3.617780   3.618782     2.6802      96.09     0.0355 5.1468e-02    5.66616    33.3591    33.3656    25.7318    1487.60    1485.28 0.0000e+00
       7548     68.000     9.6391     9.6423   3.619289   3.620192     2.6745      76.53     0.0357 5.1463e-02    5.63264    33.3694    33.3757    25.7391    1487.65    1485.32 0.0000e+00
       7619     69.000     9.6459     9.6497   3.621236   3.622173     2.6743      73.55     0.0366 5.1470e-02    5.65271    33.3826    33.3887    25.7483    1487.71    1485.35 0.0000e+00
       7691     70.000     9.6566     9.6597   3.623100   3.623876     2.6764      88.51     0.0381 5.1468e-02    5.64649    33.3914    33.3964    25.7534    1487.77    1485.39 0.0000e+00
       7764     71.000     9.6601     9.6629   3.623867   3.624645     2.6731      79.55     0.0379 5.1462e-02    5.63462    33.3955    33.4009    25.7560    1487.81    1485.42 0.0000e+00
       7836     72.000     9.6459     9.6492   3.622677   3.623464     2.6682      77.67     0.0429 5.1452e-02    5.62527    33.3961    33.4011    25.7588    1487.77    1485.45 0.0000e+00
       7908     73.000     9.6460     9.6491   3.622925   3.623704     2.6698      72.43     0.0351 5.1477e-02    5.63951    33.3981    33.4032    25.7603    1487.79    1485.49 0.0000e+00
       7979     74.000     9.6578     9.6607   3.624770   3.625564     2.6712      97.33     0.0359 5.1488e-02    5.64370    33.4056    33.4110    25.7643    1487.86    1485.52 0.0000e+00
       8051     75.000     9.6828     9.6858   3.629300   3.630119     2.6706      59.93     0.0374 5.1471e-02    5.62516    33.4283    33.4339    25.7779    1487.99    1485.55 0.0000e+00
       8123     76.000     9.6961     9.6992   3.632050   3.632864     2.6654      67.68     0.0366 5.1476e-02    5.60362    33.4437    33.4491    25.7877    1488.08    1485.58 0.0000e+00
       8195     77.000     9.6983     9.7025   3.633171   3.634274     2.6609      77.16     0.0362 5.1456e-02    5.61035    33.4527    33.4601    25.7944    1488.11    1485.62 0.0000e+00
       8268     78.000     9.7068     9.7107   3.635324   3.636275     2.6624      92.18     0.0314 5.1460e-02    5.61069    33.4664    33.4725    25.8037    1488.18    1485.65 0.0000e+00
       8340     79.000     9.7091     9.7120   3.635832   3.636587     2.6605      81.72     0.0334 5.1469e-02    5.59575    33.4690    33.4740    25.8054    1488.21    1485.68 0.0000e+00
       8412     80.000     9.7115     9.7145   3.636467   3.637300     2.6573      74.98     0.0350 5.1456e-02    5.59654    33.4728    33.4786    25.8080    1488.24    1485.71 0.0000e+00
       8485     81.000     9.7133     9.7165   3.637484   3.638339     2.6574      65.42     0.0362 5.1470e-02    5.59210    33.4811    33.4869    25.8141    1488.27    1485.75 0.0000e+00
       8556     82.000     9.7106     9.7140   3.637628   3.638440     2.6554      73.71     0.0362 5.1456e-02    5.59606    33.4846    33.4898    25.8174    1488.28    1485.78 0.0000e+00
       8629     83.000     9.7106     9.7138   3.637866   3.638659     2.6610      74.29     0.0338 5.1478e-02    5.61890    33.4866    33.4918    25.8189    1488.30    1485.81 0.0000e+00
       8701     84.000     9.7190     9.7237   3.640185   3.641427     2.6600      77.33     0.0362 5.1468e-02    5.59695    33.5021    33.5105    25.8296    1488.36    1485.84 0.0000e+00
       8771     85.000     9.7429     9.7460   3.645234   3.646064     2.6607      60.53     0.0351 5.1470e-02    5.60446    33.5311    33.5367    25.8483    1488.50    1485.87 0.0000e+00
       8843     86.000     9.7488     9.7516   3.647636   3.648464     2.6555      69.47     0.0335 5.1474e-02    5.57294    33.5497    33.5556    25.8619    1488.56    1485.90 0.0000e+00
       8916     87.000     9.7502     9.7527   3.649552   3.650366     2.6508      73.01     0.0374 5.1458e-02    5.57718    33.5676    33.5736    25.8756    1488.61    1485.93 0.0000e+00
       8988     88.000     9.7473     9.7503   3.649871   3.650664     2.6482      81.02     0.0363 5.1470e-02    5.55998    33.5731    33.5784    25.8804    1488.62    1485.96 0.0000e+00
       9060     89.000     9.7464     9.7494   3.650046   3.650819     2.6431      79.71     0.0349 5.1490e-02    5.55280    33.5753    33.5804    25.8823    1488.64    1485.99 0.0000e+00
