DigitalOcean/CTDs/sta0325.cnv
* Sea-Bird SBE 9 Data File:
* FileName = C:\Seabird\CTDData\sta0325.hex
* Software Version Seasave V 7.21f
* Temperature SN = 4385
* Conductivity SN = 2140
* Number of Bytes Per Scan = 34
* Number of Voltage Words = 3
* Number of Scans Averaged by the Deck Unit = 1
* NMEA Latitude = 67 07.92 N
* NMEA Longitude = 014 17.18 E
* NMEA UTC (Time) = Dec 02 2017 12:17:58
* NMEA baud rate = 4800
** Ship: 10 F/F "G. O. Sars"
** Station: 0325
** Echodepth: 388
** Log: 2520.02
** Wind-Dir Force: 23 03
** Air-temp (dry): 4.2
** Weather Sky: 2 6
** Sea Ice: 2 0
# nquan = 17                                
# nvalues = 371                         
# units = specified
# name 0 = scan: Scan Count
# name 1 = prDM: Pressure, Digiquartz [db]
# name 2 = t068C: Temperature [ITS-68, deg C]
# name 3 = t168C: Temperature, 2 [ITS-68, deg C]
# name 4 = c0S/m: Conductivity [S/m]
# name 5 = c1S/m: Conductivity, 2 [S/m]
# name 6 = sbeox0V: Oxygen raw, SBE 43 [V]
# name 7 = altM: Altimeter [m]
# name 8 = flC: Fluorescence, Chelsea Aqua 3 Chl Con [ug/l]
# name 9 = par: PAR/Irradiance, Biospherical/Licor
# name 10 = sbeox0ML/L: Oxygen, SBE 43 [ml/l], WS = 2
# name 11 = sal00: Salinity, Practical [PSU]
# name 12 = sal11: Salinity, Practical, 2 [PSU]
# name 13 = sigma-t00: Density [sigma-t, Kg/m^3 ]
# name 14 = svCM: Sound Velocity [Chen-Millero, m/s]
# name 15 = avgsvCM: Average Sound Velocity [Chen-Millero, m/s], minP = 1, minS = 5
# name 16 = flag: flag
# span 0 =       4554,      31922       
# span 1 =      4.000,    374.000       
# span 2 =     7.0592,     9.8081       
# span 3 =     7.0626,     9.8109       
# span 4 =   3.323627,   3.659201       
# span 5 =   3.324254,   3.660070       
# span 6 =     2.3185,     2.7202       
# span 7 =      10.42,      99.06       
# span 8 =     0.0236,     0.0506       
# span 9 = 5.1444e-02, 9.2361e-01       
# span 10 =    5.16391,    6.08211      
# span 11 =    32.4036,    34.5274      
# span 12 =    32.4071,    34.5326      
# span 13 =    25.2570,    27.0365      
# span 14 =    1477.22,    1488.93      
# span 15 =    1478.10,    1484.11      
# span 16 = 0.0000e+00, 0.0000e+00      
# interval = decibars: 1                
# start_time = Dec 02 2017 12:18:00 [System UTC, header]
# bad_flag = -9.990e-29
*END*
[from data line 171]
      16759    175.000     7.0625     7.0658   3.495727   3.496392     2.4068      54.42     0.0287 5.1453e-02    5.29949    34.4912    34.4952    27.0095    1481.13    1483.34 0.0000e+00
      16831    176.000     7.0624     7.0657   3.495824   3.496481     2.4100      98.97     0.0274 5.1466e-02    5.30073    34.4918    34.4957    27.0101    1481.15    1483.33 0.0000e+00
      16901    177.000     7.0619     7.0653   3.495941   3.496601     2.4095      93.18     0.0304 5.1462e-02    5.30447    34.4931    34.4970    27.0111    1481.16    1483.31 0.0000e+00
      16972    178.000     7.0615     7.0648   3.496073   3.496739     2.4088      72.33     0.0306 5.1481e-02    5.28997    34.4945    34.4985    27.0123    1481.18    1483.30 0.0000e+00
      17043    179.000     7.0614     7.0647   3.496149   3.496810     2.4080      95.61     0.0303 5.1470e-02    5.30496    34.4949    34.4989    27.0126    1481.19    1483.29 0.0000e+00
      17113    180.000     7.0613     7.0647   3.496258   3.496925     2.4109      86.39     0.0297 5.1456e-02    5.31632    34.4957    34.4996    27.0133    1481.21    1483.28 0.0000e+00
      17185    181.000     7.0614     7.0648   3.496416   3.497069     2.4126      96.49     0.0305 5.1469e-02    5.30817    34.4969    34.5006    27.0142    1481.23    1483.27 0.0000e+00
      17255    182.000     7.0612     7.0646   3.496519   3.497180     2.4111      92.61     0.0294 5.1457e-02    5.30866    34.4977    34.5016    27.0148    1481.25    1483.26 0.0000e+00
      17325    183.000     7.0603     7.0637   3.496667   3.497336     2.4108      97.55     0.0271 5.1482e-02    5.30892    34.4997    34.5037    27.0166    1481.26    1483.24 0.0000e+00
      17395    184.000     7.0597     7.0631   3.496854   3.497523     2.4110      92.54     0.0279 5.1474e-02    5.30773    34.5019    34.5058    27.0184    1481.28    1483.23 0.0000e+00
      17466    185.000     7.0593     7.0626   3.497001   3.497671     2.4092      98.89     0.0283 5.1463e-02    5.30475    34.5034    34.5075    27.0196    1481.30    1483.22 0.0000e+00
      17537    186.000     7.0593     7.0627   3.497083   3.497751     2.4098      60.20     0.0311 5.1463e-02    5.31040    34.5038    34.5078    27.0199    1481.31    1483.21 0.0000e+00
      17608    187.000     7.0592     7.0626   3.497197   3.497876     2.4111      93.19     0.0317 5.1453e-02    5.31569    34.5047    34.5087    27.0206    1481.33    1483.20 0.0000e+00
      17678    188.000     7.0593     7.0627   3.497270   3.497946     2.4117      98.89     0.0276 5.1484e-02    5.31325    34.5049    34.5089    27.0208    1481.35    1483.19 0.0000e+00
      17749    189.000     7.0594     7.0627   3.497351   3.498023     2.4090      80.87     0.0307 5.1465e-02    5.30023    34.5052    34.5093    27.0210    1481.36    1483.18 0.0000e+00
      17820    190.000     7.0594     7.0628   3.497418   3.498097     2.4088      79.12     0.0264 5.1468e-02    5.31349    34.5054    34.5095    27.0212    1481.38    1483.17 0.0000e+00
      17890    191.000     7.0595     7.0628   3.497483   3.498160     2.4103      96.19     0.0296 5.1459e-02    5.31408    34.5056    34.5097    27.0213    1481.40    1483.16 0.0000e+00
      17960    192.000     7.0596     7.0629   3.497553   3.498234     2.4109      95.85     0.0283 5.1459e-02    5.31464    34.5057    34.5099    27.0214    1481.41    1483.16 0.0000e+00
      18031    193.000     7.0596     7.0629   3.497667   3.498354     2.4101      64.57     0.0293 5.1479e-02    5.31472    34.5065    34.5107    27.0220    1481.43    1483.15 0.0000e+00
      18101    194.000     7.0596     7.0629   3.497751   3.498436     2.4113      98.64     0.0319 5.1471e-02    5.31911    34.5069    34.5111    27.0223    1481.45    1483.14 0.0000e+00
      18173    195.000     7.0597     7.0630   3.497824   3.498509     2.4114      98.92     0.0265 5.1472e-02    5.32037    34.5071    34.5113    27.0225    1481.47    1483.13 0.0000e+00
      18244    196.000     7.0598     7.0631   3.497872   3.498561     2.4107      98.92     0.0294 5.1462e-02    5.31055    34.5071    34.5113    27.0224    1481.48    1483.12 0.0000e+00
      18315    197.000     7.0598     7.0631   3.497957   3.498649     2.4072      76.21     0.0305 5.1458e-02    5.29810    34.5075    34.5118    27.0227    1481.50    1483.11 0.0000e+00
      18387    198.000     7.0598     7.0631   3.498041   3.498726     2.4064      93.87     0.0285 5.1457e-02    5.31047    34.5079    34.5121    27.0231    1481.52    1483.10 0.0000e+00
      18458    199.000     7.0597     7.0631   3.498200   3.498884     2.4067      98.90     0.0269 5.1472e-02    5.31128    34.5093    34.5134    27.0242    1481.53    1483.10 0.0000e+00
      18530    200.000     7.0598     7.0631   3.498262   3.498948     2.4079      84.76     0.0271 5.1463e-02    5.30898    34.5094    34.5136    27.0242    1481.55    1483.09 0.0000e+00
      18601    201.000     7.0599     7.0632   3.498334   3.499025     2.4074      75.18     0.0297 5.1473e-02    5.31746    34.5096    34.5138    27.0244    1481.57    1483.08 0.0000e+00
      18672    202.000     7.0600     7.0633   3.498396   3.499097     2.4085      98.85     0.0296 5.1472e-02    5.31398    34.5097    34.5140    27.0244    1481.59    1483.07 0.0000e+00
      18746    203.000     7.0598     7.0632   3.498557   3.499262     2.4100      98.92     0.0321 5.1463e-02    5.32176    34.5111    34.5155    27.0256    1481.60    1483.07 0.0000e+00
      18818    204.000     7.0599     7.0632   3.498686   3.499386     2.4064      69.92     0.0300 5.1463e-02    5.30172    34.5120    34.5163    27.0262    1481.62    1483.06 0.0000e+00
      18888    205.000     7.0599     7.0632   3.498797   3.499482     2.4050      92.63     0.0286 5.1461e-02    5.30418    34.5127    34.5169    27.0268    1481.64    1483.05 0.0000e+00
      18960    206.000     7.0599     7.0632   3.498909   3.499614     2.4045      92.51     0.0286 5.1471e-02    5.30778    34.5134    34.5178    27.0274    1481.66    1483.05 0.0000e+00
      19031    207.000     7.0600     7.0633   3.498988   3.499706     2.4057      63.43     0.0316 5.1480e-02    5.31355    34.5137    34.5183    27.0276    1481.67    1483.04 0.0000e+00
      19102    208.000     7.0600     7.0633   3.499097   3.499800     2.4072      94.05     0.0302 5.1458e-02    5.31792    34.5144    34.5188    27.0282    1481.69    1483.03 0.0000e+00
      19173    209.000     7.0600     7.0633   3.499228   3.499920     2.4068      86.65     0.0279 5.1467e-02    5.31531    34.5153    34.5196    27.0289    1481.71    1483.03 0.0000e+00
      19244    210.000     7.0601     7.0634   3.499279   3.499987     2.4082      98.43     0.0315 5.1460e-02    5.32002    34.5153    34.5198    27.0289    1481.72    1483.02 0.0000e+00
      19316    211.000     7.0602     7.0635   3.499334   3.500041     2.4084      91.11     0.0287 5.1466e-02    5.32265    34.5153    34.5198    27.0289    1481.74    1483.01 0.0000e+00
      19388    212.000     7.0602     7.0636   3.499389   3.500095     2.4076      61.98     0.0269 5.1470e-02    5.31648    34.5154    34.5198    27.0289    1481.76    1483.01 0.0000e+00
      19461    213.000     7.0603     7.0637   3.499452   3.500156     2.4077      98.50     0.0264 5.1468e-02    5.32256    34.5155    34.5199    27.0290    1481.77    1483.00 0.0000e+00
      19534    214.000     7.0604     7.0637   3.499511   3.500213     2.4085      92.84     0.0294 5.1456e-02    5.32141    34.5156    34.5200    27.0290    1481.79    1483.00 0.0000e+00
      19607    215.000     7.0604     7.0638   3.499626   3.500331     2.4066      74.62     0.0283 5.1464e-02    5.31934    34.5164    34.5207    27.0296    1481.81    1482.99 0.0000e+00
      19680    216.000     7.0605     7.0639   3.499705   3.500420     2.4082      92.51     0.0295 5.1457e-02    5.31862    34.5166    34.5211    27.0298    1481.83    1482.99 0.0000e+00
      19754    217.000     7.0606     7.0639   3.499774   3.500484     2.4068      98.88     0.0316 5.1481e-02    5.32478    34.5168    34.5213    27.0300    1481.84    1482.98 0.0000e+00
      19828    218.000     7.0607     7.0640   3.499825   3.500538     2.4088      61.40     0.0288 5.1465e-02    5.32941    34.5168    34.5213    27.0299    1481.86    1482.98 0.0000e+00
      19902    219.000     7.0607     7.0641   3.499892   3.500610     2.4095      91.55     0.0260 5.1471e-02    5.32801    34.5170    34.5215    27.0301    1481.88    1482.97 0.0000e+00
      19974    220.000     7.0608     7.0642   3.499953   3.500674     2.4078      98.87     0.0308 5.1475e-02    5.32133    34.5171    34.5216    27.0302    1481.89    1482.97 0.0000e+00
      20046    221.000     7.0609     7.0643   3.500025   3.500737     2.4078      92.39     0.0294 5.1468e-02    5.32799    34.5173    34.5217    27.0303    1481.91    1482.96 0.0000e+00
      20118    222.000     7.0609     7.0643   3.500094   3.500806     2.4084      87.85     0.0297 5.1467e-02    5.32586    34.5176    34.5220    27.0305    1481.93    1482.96 0.0000e+00
      20190    223.000     7.0610     7.0644   3.500155   3.500871     2.4061      76.11     0.0276 5.1458e-02    5.31486    34.5176    34.5221    27.0306    1481.94    1482.95 0.0000e+00
      20263    224.000     7.0611     7.0645   3.500223   3.500936     2.4018      92.43     0.0279 5.1467e-02    5.30622    34.5178    34.5222    27.0307    1481.96    1482.95 0.0000e+00
      20335    225.000     7.0612     7.0646   3.500298   3.501016     2.4025      91.95     0.0287 5.1463e-02    5.31266    34.5180    34.5225    27.0308    1481.98    1482.94 0.0000e+00
      20407    226.000     7.0613     7.0646   3.500370   3.501086     2.4013      60.34     0.0295 5.1462e-02    5.31092    34.5182    34.5228    27.0310    1482.00    1482.94 0.0000e+00
      20481    227.000     7.0614     7.0648   3.500422   3.501140     2.4032      96.03     0.0296 5.1453e-02    5.32450    34.5182    34.5227    27.0309    1482.01    1482.93 0.0000e+00
      20554    228.000     7.0615     7.0649   3.500474   3.501192     2.4047      92.32     0.0292 5.1467e-02    5.31939    34.5182    34.5226    27.0309    1482.03    1482.93 0.0000e+00
      20628    229.000     7.0616     7.0650   3.500533   3.501250     2.4037      72.02     0.0281 5.1463e-02    5.32128    34.5182    34.5227    27.0309    1482.05    1482.93 0.0000e+00
      20703    230.000     7.0617     7.0650   3.500592   3.501314     2.4066      98.31     0.0318 5.1488e-02    5.32845    34.5183    34.5229    27.0310    1482.06    1482.92 0.0000e+00
      20774    231.000     7.0618     7.0651   3.500648   3.501375     2.4047      91.88     0.0304 5.1450e-02    5.32236    34.5183    34.5230    27.0310    1482.08    1482.92 0.0000e+00
      20848    232.000     7.0618     7.0652   3.500710   3.501439     2.4038      62.42     0.0247 5.1472e-02    5.31973    34.5185    34.5231    27.0311    1482.10    1482.92 0.0000e+00
      20921    233.000     7.0620     7.0653   3.500776   3.501499     2.4040      85.18     0.0250 5.1460e-02    5.32494    34.5185    34.5232    27.0311    1482.11    1482.91 0.0000e+00
      20994    234.000     7.0620     7.0655   3.500831   3.501560     2.4064      98.84     0.0265 5.1483e-02    5.33564    34.5186    34.5231    27.0312    1482.13    1482.91 0.0000e+00
      21067    235.000     7.0621     7.0655   3.500911   3.501634     2.4067      87.09     0.0271 5.1468e-02    5.33036    34.5189    34.5235    27.0314    1482.15    1482.91 0.0000e+00
      21140    236.000     7.0621     7.0655   3.500997   3.501728     2.4042      67.49     0.0264 5.1444e-02    5.31916    34.5194    34.5240    27.0318    1482.16    1482.90 0.0000e+00
      21212    237.000     7.0622     7.0655   3.501069   3.501802     2.4030      97.65     0.0298 5.1466e-02    5.31984    34.5196    34.5243    27.0319    1482.18    1482.90 0.0000e+00
      21285    238.000     7.0623     7.0656   3.501124   3.501862     2.4028      94.89     0.0285 5.1460e-02    5.32814    34.5196    34.5244    27.0319    1482.20    1482.90 0.0000e+00
      21357    239.000     7.0624     7.0657   3.501183   3.501917     2.4032      60.09     0.0302 5.1470e-02    5.32056    34.5196    34.5244    27.0320    1482.22    1482.89 0.0000e+00
      21430    240.000     7.0625     7.0658   3.501242   3.501976     2.4021      91.65     0.0295 5.1478e-02    5.32516    34.5197    34.5245    27.0320    1482.23    1482.89 0.0000e+00
      21502    241.000     7.0626     7.0659   3.501303   3.502027     2.4030      98.93     0.0301 5.1470e-02    5.32372    34.5198    34.5244    27.0320    1482.25    1482.89 0.0000e+00
      21573    242.000     7.0626     7.0660   3.501362   3.502093     2.4029      91.54     0.0321 5.1458e-02    5.32306    34.5199    34.5246    27.0322    1482.27    1482.89 0.0000e+00
      21644    243.000     7.0627     7.0660   3.501423   3.502153     2.3999      71.40     0.0304 5.1472e-02    5.31381    34.5200    34.5247    27.0322    1482.28    1482.88 0.0000e+00
      21716    244.000     7.0627     7.0660   3.501526   3.502259     2.4015      91.08     0.0274 5.1470e-02    5.32585    34.5207    34.5254    27.0327    1482.30    1482.88 0.0000e+00
      21789    245.000     7.0628     7.0661   3.501591   3.502324     2.4003      94.28     0.0293 5.1470e-02    5.31890    34.5208    34.5255    27.0328    1482.32    1482.88 0.0000e+00
      21861    246.000     7.0629     7.0662   3.501647   3.502385     2.3996      96.29     0.0295 5.1469e-02    5.31674    34.5208    34.5256    27.0328    1482.33    1482.88 0.0000e+00
      21932    247.000     7.0630     7.0663   3.501709   3.502443     2.3995      91.34     0.0285 5.1470e-02    5.32264    34.5209    34.5256    27.0329    1482.35    1482.87 0.0000e+00
      22004    248.000     7.0630     7.0664   3.501778   3.502506     2.3997      60.61     0.0278 5.1473e-02    5.31873    34.5212    34.5257    27.0331    1482.37    1482.87 0.0000e+00
      22076    249.000     7.0631     7.0664   3.501835   3.502577     2.4001      67.67     0.0274 5.1464e-02    5.32479    34.5212    34.5260    27.0331    1482.38    1482.87 0.0000e+00
      22148    250.000     7.0632     7.0665   3.501905   3.502646     2.3996      83.19     0.0251 5.1468e-02    5.31832    34.5214    34.5262    27.0332    1482.40    1482.87 0.0000e+00
      22220    251.000     7.0632     7.0666   3.501969   3.502709     2.3996      98.87     0.0295 5.1467e-02    5.32489    34.5216    34.5263    27.0334    1482.42    1482.87 0.0000e+00
      22292    252.000     7.0633     7.0666   3.502027   3.502762     2.3986      95.90     0.0307 5.1466e-02    5.31580    34.5216    34.5264    27.0334    1482.43    1482.86 0.0000e+00
      22363    253.000     7.0634     7.0667   3.502090   3.502833     2.3996      95.95     0.0282 5.1468e-02    5.32724    34.5217    34.5266    27.0335    1482.45    1482.86 0.0000e+00
      22435    254.000     7.0635     7.0667   3.502161   3.502911     2.3987      78.36     0.0292 5.1471e-02    5.31826    34.5219    34.5269    27.0336    1482.47    1482.86 0.0000e+00
      22507    255.000     7.0635     7.0669   3.502222   3.502962     2.3989      90.33     0.0316 5.1460e-02    5.32107    34.5221    34.5268    27.0337    1482.49    1482.86 0.0000e+00
      22579    256.000     7.0636     7.0669   3.502281   3.503015     2.3947      98.91     0.0292 5.1464e-02    5.30682    34.5222    34.5269    27.0338    1482.50    1482.86 0.0000e+00
      22651    257.000     7.0637     7.0670   3.502337   3.503075     2.3948      88.27     0.0259 5.1469e-02    5.31105    34.5222    34.5270    27.0338    1482.52    1482.86 0.0000e+00
      22723    258.000     7.0638     7.0671   3.502393   3.503134     2.3930      70.43     0.0259 5.1458e-02    5.30852    34.5222    34.5270    27.0338    1482.54    1482.86 0.0000e+00
