DigitalOcean/CTDs/sta0320.cnv
* Sea-Bird SBE 9 Data File:
* FileName = C:\Seabird\CTDData\sta0320.hex
* Software Version Seasave V 7.21f
* Temperature SN = 4385
* Conductivity SN = 2140
* Number of Bytes Per Scan = 34
* Number of Voltage Words = 3
* Number of Scans Averaged by the Deck Unit = 1
* NMEA Latitude = 67 07.93 N
* NMEA Longitude = 014 17.17 E
* NMEA UTC (Time) = Dec 01 2017 17:40:26
* NMEA baud rate = 4800
** Ship: 10 F/F "G. O. Sars"
** Station: 0320
** Echodepth: 387
** Log: 2486.7
** Wind-Dir Force: 21 30
** Air-temp (dry): 5.4
** Weather Sky: 2 6
** Sea Ice: 2 0
# nquan = 17                                
# nvalues = 371                         
# units = specified
# name 0 = scan: Scan Count
# name 1 = prDM: Pressure, Digiquartz [db]
# name 2 = t068C: Temperature [ITS-68, deg C]
# name 3 = t168C: Temperature, 2 [ITS-68, deg C]
# name 4 = c0S/m: Conductivity [S/m]
# name 5 = c1S/m: Conductivity, 2 [S/m]
# name 6 = sbeox0V: Oxygen raw, SBE 43 [V]
# name 7 = altM: Altimeter [m]
# name 8 = flC: Fluorescence, Chelsea Aqua 3 Chl Con [ug/l]
# name 9 = par: PAR/Irradiance, Biospherical/Licor
# name 10 = sbeox0ML/L: Oxygen, SBE 43 [ml/l], WS = 2
# name 11 = sal00: Salinity, Practical [PSU]
# name 12 = sal11: Salinity, Practical, 2 [PSU]
# name 13 = sigma-t00: Density [sigma-t, Kg/m^3 ]
# name 14 = svCM: Sound Velocity [Chen-Millero, m/s]
# name 15 = avgsvCM: Average Sound Velocity [Chen-Millero, m/s], minP = 1, minS = 5
# name 16 = flag: flag
# span 0 =        395,      26944       
# span 1 =      5.000,    375.000       
# span 2 =     7.0590,     9.7821       
# span 3 =     7.0627,     9.7858       
# span 4 =   3.482807,   3.658265       
# span 5 =   3.483730,   3.658995       
# span 6 =     2.3009,     2.7166       
# span 7 =      15.36,      98.63       
# span 8 =     0.0215,     0.0417       
# span 9 = 5.1440e-02, 5.1485e-02       
# span 10 =    5.11791,    5.82155      
# span 11 =    32.7307,    34.5282      
# span 12 =    32.7337,    34.5328      
# span 13 =    25.3674,    27.0373      
# span 14 =    1480.92,    1488.62      
# span 15 =    1482.87,    1486.54      
# span 16 = 0.0000e+00, 0.0000e+00      
# interval = decibars: 1                
# start_time = Dec 01 2017 17:40:28 [System UTC, header]
# bad_flag = -9.990e-29
*END*
[from data line 86]
       6602     91.000     9.6745     9.6776   3.657230   3.657997     2.6108      82.88     0.0323 5.1446e-02    5.47120    33.7153    33.7202    26.0035    1488.58    1486.05 0.0000e+00
       6673     92.000     9.6631     9.6667   3.657778   3.658529     2.6087      72.83     0.0322 5.1461e-02    5.47733    33.7311    33.7354    26.0178    1488.57    1486.08 0.0000e+00
       6743     93.000     9.6488     9.6522   3.658173   3.658920     2.6098      86.10     0.0297 5.1453e-02    5.47730    33.7481    33.7526    26.0334    1488.56    1486.11 0.0000e+00
       6814     94.000     9.6425     9.6459   3.658257   3.658995     2.6069      80.69     0.0324 5.1459e-02    5.46918    33.7545    33.7589    26.0394    1488.56    1486.13 0.0000e+00
       6885     95.000     9.6386     9.6419   3.658265   3.658993     2.6049      75.28     0.0334 5.1459e-02    5.45932    33.7578    33.7621    26.0426    1488.57    1486.16 0.0000e+00
       6955     96.000     9.6330     9.6356   3.658043   3.658687     2.5981      77.23     0.0309 5.1473e-02    5.44687    33.7603    33.7645    26.0455    1488.56    1486.18 0.0000e+00
       7026     97.000     9.6204     9.6238   3.657383   3.658107     2.5986      72.88     0.0328 5.1455e-02    5.45481    33.7649    33.7691    26.0512    1488.54    1486.21 0.0000e+00
       7098     98.000     9.6072     9.6105   3.657247   3.657970     2.5970      75.23     0.0311 5.1452e-02    5.44529    33.7754    33.7798    26.0616    1488.52    1486.23 0.0000e+00
       7167     99.000     9.5694     9.5734   3.657090   3.657825     2.5931      41.31     0.0302 5.1456e-02    5.44482    33.8089    33.8127    26.0940    1488.44    1486.25 0.0000e+00
       7238    100.000     9.4964     9.5002   3.655424   3.656095     2.5881      46.38     0.0325 5.1459e-02    5.42653    33.8602    33.8635    26.1460    1488.26    1486.27 0.0000e+00
       7309    101.000     9.4672     9.4707   3.654300   3.655007     2.5798      73.31     0.0326 5.1445e-02    5.41066    33.8757    33.8797    26.1629    1488.18    1486.29 0.0000e+00
       7381    102.000     9.4635     9.4672   3.654366   3.655102     2.5748      81.59     0.0297 5.1472e-02    5.40556    33.8794    33.8835    26.1665    1488.19    1486.31 0.0000e+00
       7453    103.000     9.4641     9.4678   3.654505   3.655242     2.5731      49.87     0.0309 5.1456e-02    5.40903    33.8798    33.8839    26.1667    1488.21    1486.33 0.0000e+00
       7525    104.000     9.4640     9.4675   3.654614   3.655343     2.5740      46.75     0.0293 5.1466e-02    5.41263    33.8806    33.8848    26.1673    1488.23    1486.35 0.0000e+00
       7596    105.000     9.4644     9.4680   3.654772   3.655517     2.5724      88.91     0.0306 5.1451e-02    5.40071    33.8814    33.8857    26.1678    1488.25    1486.37 0.0000e+00
       7667    106.000     9.4574     9.4613   3.654720   3.655460     2.5711      79.46     0.0317 5.1453e-02    5.40680    33.8870    33.8910    26.1734    1488.24    1486.38 0.0000e+00
       7738    107.000     9.4452     9.4489   3.654390   3.655117     2.5695      74.09     0.0275 5.1459e-02    5.39785    33.8947    33.8987    26.1814    1488.23    1486.40 0.0000e+00
       7809    108.000     9.4361     9.4397   3.654223   3.654942     2.5671      90.71     0.0305 5.1467e-02    5.39357    33.9011    33.9051    26.1879    1488.22    1486.42 0.0000e+00
       7880    109.000     9.4151     9.4187   3.653307   3.653999     2.5665      81.63     0.0292 5.1454e-02    5.40369    33.9111    33.9148    26.1991    1488.17    1486.43 0.0000e+00
       7951    110.000     9.3782     9.3817   3.651507   3.652187     2.5661      57.39     0.0273 5.1451e-02    5.39702    33.9270    33.9307    26.2175    1488.07    1486.45 0.0000e+00
       8021    111.000     9.3511     9.3540   3.650241   3.650895     2.5626      46.73     0.0293 5.1476e-02    5.39309    33.9391    33.9431    26.2314    1488.00    1486.46 0.0000e+00
       8092    112.000     9.3123     9.3152   3.647839   3.648466     2.5600      62.69     0.0272 5.1463e-02    5.39016    33.9506    33.9544    26.2467    1487.89    1486.47 0.0000e+00
       8163    113.000     9.2859     9.2883   3.646415   3.647039     2.5557      75.96     0.0330 5.1465e-02    5.38037    33.9605    33.9647    26.2587    1487.82    1486.49 0.0000e+00
       8235    114.000     9.2276     9.2309   3.642582   3.643194     2.5521      74.29     0.0295 5.1466e-02    5.37975    33.9757    33.9789    26.2800    1487.64    1486.50 0.0000e+00
       8306    115.000     9.2046     9.2081   3.641039   3.641729     2.5474      76.33     0.0284 5.1453e-02    5.36909    33.9811    33.9849    26.2879    1487.58    1486.51 0.0000e+00
       8377    116.000     9.1989     9.2023   3.640731   3.641420     2.5473      59.00     0.0274 5.1451e-02    5.38229    33.9829    33.9868    26.2902    1487.58    1486.52 0.0000e+00
       8446    117.000     9.1833     9.1877   3.639870   3.640588     2.5457      59.25     0.0335 5.1453e-02    5.36933    33.9883    33.9916    26.2970    1487.55    1486.52 0.0000e+00
       8517    118.000     9.1250     9.1283   3.635495   3.636080     2.5424      47.88     0.0333 5.1453e-02    5.36893    33.9979    34.0008    26.3139    1487.36    1486.53 0.0000e+00
       8588    119.000     9.0694     9.0720   3.631261   3.631808     2.5403      39.92     0.0294 5.1462e-02    5.37235    34.0064    34.0096    26.3294    1487.18    1486.54 0.0000e+00
       8660    120.000     8.9831     8.9860   3.625151   3.625706     2.5334      60.54     0.0274 5.1449e-02    5.35420    34.0247    34.0277    26.3574    1486.90    1486.54 0.0000e+00
       8731    121.000     8.9116     8.9150   3.620156   3.620740     2.5256      71.20     0.0294 5.1457e-02    5.34527    34.0404    34.0433    26.3810    1486.67    1486.54 0.0000e+00
       8801    122.000     8.8222     8.8221   3.613812   3.614069     2.5210      64.12     0.0290 5.1459e-02    5.34729    34.0592    34.0620    26.4098    1486.38    1486.54 0.0000e+00
       8871    123.000     8.6964     8.6998   3.604786   3.605322     2.5148      81.11     0.0333 5.1468e-02    5.34727    34.0849    34.0872    26.4496    1485.96    1486.53 0.0000e+00
       8942    124.000     8.6025     8.5985   3.597909   3.597895     2.5101      76.55     0.0281 5.1464e-02    5.34081    34.1024    34.1062    26.4779    1485.65    1486.53 0.0000e+00
       9014    125.000     8.4011     8.4029   3.583578   3.583892     2.5011      78.56     0.0296 5.1459e-02    5.33244    34.1452    34.1467    26.5424    1484.97    1486.52 0.0000e+00
       9085    126.000     8.3077     8.3121   3.576760   3.577312     2.4903      91.95     0.0302 5.1478e-02    5.32617    34.1629    34.1645    26.5705    1484.66    1486.50 0.0000e+00
       9157    127.000     8.1689     8.1709   3.566810   3.567153     2.4829      72.79     0.0308 5.1459e-02    5.31898    34.1915    34.1932    26.6139    1484.19    1486.48 0.0000e+00
       9226    128.000     8.0315     8.0309   3.556895   3.556996     2.4758      87.26     0.0304 5.1459e-02    5.31879    34.2191    34.2208    26.6561    1483.72    1486.46 0.0000e+00
       9296    129.000     7.9155     7.9178   3.548513   3.548888     2.4674      78.44     0.0305 5.1449e-02    5.31405    34.2423    34.2440    26.6915    1483.33    1486.44 0.0000e+00
       9368    130.000     7.7819     7.7854   3.538887   3.539351     2.4612      74.99     0.0285 5.1458e-02    5.30901    34.2693    34.2709    26.7324    1482.87    1486.41 0.0000e+00
       9439    131.000     7.6987     7.7017   3.532964   3.533322     2.4547      98.63     0.0324 5.1461e-02    5.31025    34.2868    34.2877    26.7583    1482.59    1486.38 0.0000e+00
       9510    132.000     7.6387     7.6428   3.528725   3.529283     2.4521      82.51     0.0307 5.1469e-02    5.31546    34.2996    34.3016    26.7770    1482.40    1486.35 0.0000e+00
       9580    133.000     7.6026     7.6080   3.526204   3.526854     2.4492      79.29     0.0305 5.1452e-02    5.31197    34.3074    34.3091    26.7884    1482.28    1486.32 0.0000e+00
       9650    134.000     7.5661     7.5695   3.523646   3.524135     2.4459      76.97     0.0263 5.1471e-02    5.30327    34.3153    34.3172    26.7998    1482.17    1486.29 0.0000e+00
       9720    135.000     7.5042     7.5078   3.519248   3.519743     2.4414      88.92     0.0287 5.1447e-02    5.30319    34.3283    34.3301    26.8189    1481.97    1486.26 0.0000e+00
       9791    136.000     7.4643     7.4684   3.516571   3.517120     2.4389      82.43     0.0283 5.1453e-02    5.30129    34.3382    34.3401    26.8325    1481.84    1486.22 0.0000e+00
       9863    137.000     7.4178     7.4215   3.513555   3.514063     2.4351      72.48     0.0320 5.1456e-02    5.29226    34.3509    34.3528    26.8491    1481.70    1486.19 0.0000e+00
       9934    138.000     7.3867     7.3903   3.511484   3.512002     2.4294      53.26     0.0303 5.1463e-02    5.28048    34.3587    34.3608    26.8597    1481.60    1486.16 0.0000e+00
      10005    139.000     7.3555     7.3595   3.509349   3.509891     2.4265      51.63     0.0286 5.1455e-02    5.28684    34.3659    34.3679    26.8698    1481.51    1486.12 0.0000e+00
      10074    140.000     7.3333     7.3372   3.507943   3.508482     2.4263      53.87     0.0272 5.1466e-02    5.29420    34.3722    34.3742    26.8778    1481.45    1486.09 0.0000e+00
      10144    141.000     7.2966     7.3003   3.505631   3.506123     2.4264      61.40     0.0292 5.1467e-02    5.29201    34.3829    34.3846    26.8915    1481.34    1486.06 0.0000e+00
      10216    142.000     7.2602     7.2641   3.503273   3.503791     2.4241      47.06     0.0266 5.1454e-02    5.28680    34.3929    34.3946    26.9045    1481.23    1486.02 0.0000e+00
      10287    143.000     7.2258     7.2298   3.501010   3.501543     2.4182      51.59     0.0273 5.1469e-02    5.27819    34.4019    34.4037    26.9164    1481.12    1485.99 0.0000e+00
      10358    144.000     7.2052     7.2093   3.499762   3.500308     2.4176      37.40     0.0236 5.1461e-02    5.28332    34.4082    34.4101    26.9243    1481.07    1485.95 0.0000e+00
      10429    145.000     7.1908     7.1946   3.498964   3.499499     2.4173      89.58     0.0268 5.1457e-02    5.28582    34.4134    34.4154    26.9303    1481.03    1485.92 0.0000e+00
      10499    146.000     7.1750     7.1787   3.498124   3.498648     2.4155      85.78     0.0299 5.1475e-02    5.28099    34.4194    34.4215    26.9373    1481.00    1485.89 0.0000e+00
      10570    147.000     7.1643     7.1680   3.497576   3.498115     2.4149      76.06     0.0271 5.1451e-02    5.28772    34.4236    34.4258    26.9421    1480.98    1485.85 0.0000e+00
      10642    148.000     7.1577     7.1614   3.497293   3.497839     2.4170      85.88     0.0323 5.1460e-02    5.29108    34.4266    34.4289    26.9454    1480.97    1485.82 0.0000e+00
      10714    149.000     7.1506     7.1545   3.496998   3.497551     2.4142      59.61     0.0259 5.1467e-02    5.27970    34.4299    34.4321    26.9490    1480.96    1485.79 0.0000e+00
      10784    150.000     7.1464     7.1503   3.497050   3.497611     2.4125      57.05     0.0264 5.1459e-02    5.28225    34.4342    34.4365    26.9530    1480.97    1485.75 0.0000e+00
      10854    151.000     7.1418     7.1456   3.496954   3.497500     2.4133      43.81     0.0258 5.1466e-02    5.28692    34.4372    34.4394    26.9560    1480.97    1485.72 0.0000e+00
      10924    152.000     7.1318     7.1358   3.496424   3.496990     2.4126      60.65     0.0289 5.1451e-02    5.28108    34.4409    34.4431    26.9603    1480.96    1485.69 0.0000e+00
      10995    153.000     7.1237     7.1278   3.495900   3.496459     2.4126      44.94     0.0291 5.1458e-02    5.29041    34.4428    34.4448    26.9629    1480.94    1485.66 0.0000e+00
      11067    154.000     7.1138     7.1179   3.495276   3.495837     2.4116      37.06     0.0284 5.1467e-02    5.28055    34.4453    34.4474    26.9663    1480.92    1485.63 0.0000e+00
      11139    155.000     7.1067     7.1107   3.495210   3.495771     2.4113      67.99     0.0299 5.1473e-02    5.28865    34.4512    34.4533    26.9719    1480.92    1485.60 0.0000e+00
      11209    156.000     7.1023     7.1062   3.495189   3.495748     2.4108      74.23     0.0277 5.1453e-02    5.28591    34.4549    34.4571    26.9754    1480.92    1485.57 0.0000e+00
      11279    157.000     7.0981     7.1020   3.495151   3.495715     2.4084      81.46     0.0277 5.1459e-02    5.27015    34.4581    34.4604    26.9786    1480.93    1485.54 0.0000e+00
      11350    158.000     7.0968     7.1007   3.495186   3.495745     2.4076      84.44     0.0300 5.1459e-02    5.28325    34.4593    34.4616    26.9797    1480.94    1485.51 0.0000e+00
      11421    159.000     7.0957     7.0995   3.495258   3.495821     2.4081      80.77     0.0296 5.1460e-02    5.28375    34.4607    34.4631    26.9809    1480.96    1485.48 0.0000e+00
      11493    160.000     7.0941     7.0978   3.495276   3.495836     2.4089      89.33     0.0297 5.1467e-02    5.28292    34.4620    34.4645    26.9822    1480.97    1485.45 0.0000e+00
      11564    161.000     7.0895     7.0934   3.495186   3.495744     2.4081      76.45     0.0269 5.1449e-02    5.28190    34.4651    34.4674    26.9853    1480.97    1485.42 0.0000e+00
      11634    162.000     7.0817     7.0854   3.494950   3.495507     2.4061      81.66     0.0279 5.1453e-02    5.27707    34.4699    34.4723    26.9901    1480.96    1485.40 0.0000e+00
      11704    163.000     7.0787     7.0826   3.494923   3.495489     2.4050      87.52     0.0297 5.1469e-02    5.27390    34.4721    34.4744    26.9922    1480.97    1485.37 0.0000e+00
      11775    164.000     7.0767     7.0807   3.494964   3.495531     2.4073      50.43     0.0285 5.1448e-02    5.29227    34.4740    34.4762    26.9940    1480.98    1485.34 0.0000e+00
      11847    165.000     7.0749     7.0788   3.494994   3.495559     2.4080      50.53     0.0261 5.1467e-02    5.28794    34.4757    34.4780    26.9956    1480.99    1485.32 0.0000e+00
      11918    166.000     7.0733     7.0772   3.495022   3.495586     2.4082      38.89     0.0263 5.1468e-02    5.29101    34.4771    34.4794    26.9969    1481.00    1485.29 0.0000e+00
      11988    167.000     7.0718     7.0757   3.495074   3.495648     2.4097      76.34     0.0281 5.1451e-02    5.29472    34.4786    34.4810    26.9984    1481.02    1485.26 0.0000e+00
      12059    168.000     7.0703     7.0741   3.495146   3.495716     2.4093      81.40     0.0310 5.1457e-02    5.29382    34.4804    34.4829    27.0000    1481.03    1485.24 0.0000e+00
      12129    169.000     7.0697     7.0736   3.495195   3.495768     2.4095      52.59     0.0291 5.1466e-02    5.29391    34.4811    34.4835    27.0006    1481.04    1485.21 0.0000e+00
      12200    170.000     7.0690     7.0730   3.495285   3.495859     2.4073      47.70     0.0296 5.1463e-02    5.28748    34.4823    34.4846    27.0016    1481.06    1485.19 0.0000e+00
      12271    171.000     7.0671     7.0711   3.495359   3.495938     2.4089      38.56     0.0285 5.1467e-02    5.29758    34.4845    34.4869    27.0036    1481.07    1485.17 0.0000e+00
      12342    172.000     7.0657     7.0696   3.495473   3.496051     2.4101      49.25     0.0275 5.1471e-02    5.30369    34.4867    34.4891    27.0055    1481.09    1485.14 0.0000e+00
      12413    173.000     7.0657     7.0696   3.495548   3.496124     2.4102      53.11     0.0257 5.1461e-02    5.29465    34.4870    34.4894    27.0058    1481.10    1485.12 0.0000e+00
      12483    174.000     7.0653     7.0691   3.495660   3.496241     2.4078      51.00     0.0263 5.1459e-02    5.29533    34.4881    34.4907    27.0067    1481.12    1485.10 0.0000e+00
