DigitalOcean/CTDs/sta0321.cnv
* Sea-Bird SBE 9 Data File:
* FileName = C:\Seabird\CTDData\sta0321.hex
* Software Version Seasave V 7.21f
* Temperature SN = 4385
* Conductivity SN = 2140
* Number of Bytes Per Scan = 34
* Number of Voltage Words = 3
* Number of Scans Averaged by the Deck Unit = 1
* NMEA Latitude = 67 07.93 N
* NMEA Longitude = 014 17.17 E
* NMEA UTC (Time) = Dec 01 2017 18:37:56
* NMEA baud rate = 4800
** Ship: 10 F/F "G. O. Sars"
** Station: 0321
** Echodepth: 387
** Log: 2486.7
** Wind-Dir Force: 22 24
** Air-temp (dry): 5.3
** Weather Sky: 2 6
** Sea Ice: 2 0
# nquan = 17                                
# nvalues = 371                         
# units = specified
# name 0 = scan: Scan Count
# name 1 = prDM: Pressure, Digiquartz [db]
# name 2 = t068C: Temperature [ITS-68, deg C]
# name 3 = t168C: Temperature, 2 [ITS-68, deg C]
# name 4 = c0S/m: Conductivity [S/m]
# name 5 = c1S/m: Conductivity, 2 [S/m]
# name 6 = sbeox0V: Oxygen raw, SBE 43 [V]
# name 7 = altM: Altimeter [m]
# name 8 = flC: Fluorescence, Chelsea Aqua 3 Chl Con [ug/l]
# name 9 = par: PAR/Irradiance, Biospherical/Licor
# name 10 = sbeox0ML/L: Oxygen, SBE 43 [ml/l], WS = 2
# name 11 = sal00: Salinity, Practical [PSU]
# name 12 = sal11: Salinity, Practical, 2 [PSU]
# name 13 = sigma-t00: Density [sigma-t, Kg/m^3 ]
# name 14 = svCM: Sound Velocity [Chen-Millero, m/s]
# name 15 = avgsvCM: Average Sound Velocity [Chen-Millero, m/s], minP = 1, minS = 5
# name 16 = flag: flag
# span 0 =       3014,      29473       
# span 1 =      5.000,    375.000       
# span 2 =     7.0589,     9.7502       
# span 3 =     7.0625,     9.7527       
# span 4 =   3.494628,   3.657496       
# span 5 =   3.495221,   3.658282       
# span 6 =     2.3254,     2.7211       
# span 7 =      16.24,      98.91       
# span 8 =     0.0224,     0.0439       
# span 9 = 5.1441e-02, 5.1495e-02       
# span 10 =    5.18992,    5.82077      
# span 11 =    32.7788,    34.5277      
# span 12 =    32.7829,    34.5326      
# span 13 =    25.3883,    27.0368      
# span 14 =    1480.83,    1488.70      
# span 15 =    1483.34,    1486.56      
# span 16 = 0.0000e+00, 0.0000e+00      
# interval = decibars: 1                
# start_time = Dec 01 2017 18:37:59 [System UTC, header]
# bad_flag = -9.990e-29
*END*
[from data line 86]
       9203     91.000     9.7463     9.7494   3.650749   3.651496     2.6400      68.59     0.0338 5.1467e-02    5.55192    33.5817    33.5864    25.8873    1488.68    1486.05 0.0000e+00
       9274     92.000     9.7446     9.7476   3.651952   3.652814     2.6385      58.06     0.0340 5.1453e-02    5.53576    33.5951    33.6012    25.8981    1488.70    1486.08 0.0000e+00
       9345     93.000     9.7185     9.7213   3.655434   3.656243     2.6283      73.40     0.0340 5.1479e-02    5.49757    33.6547    33.6604    25.9489    1488.70    1486.11 0.0000e+00
       9417     94.000     9.6610     9.6623   3.657061   3.657874     2.6168      72.27     0.0323 5.1464e-02    5.48626    33.7248    33.7319    26.0132    1488.59    1486.13 0.0000e+00
       9487     95.000     9.6211     9.6233   3.657241   3.658012     2.6099      86.66     0.0335 5.1451e-02    5.46400    33.7637    33.7695    26.0501    1488.51    1486.16 0.0000e+00
       9558     96.000     9.6046     9.6076   3.657340   3.658120     2.6010      79.00     0.0338 5.1461e-02    5.45572    33.7798    33.7850    26.0654    1488.49    1486.18 0.0000e+00
       9629     97.000     9.6032     9.6060   3.657496   3.658282     2.5991      80.50     0.0340 5.1481e-02    5.45399    33.7822    33.7877    26.0676    1488.50    1486.21 0.0000e+00
       9700     98.000     9.5850     9.5900   3.657284   3.658095     2.5979      73.60     0.0341 5.1463e-02    5.45714    33.7967    33.8003    26.0819    1488.47    1486.23 0.0000e+00
       9772     99.000     9.5720     9.5751   3.657109   3.657889     2.5928      87.78     0.0322 5.1464e-02    5.43689    33.8067    33.8118    26.0918    1488.45    1486.25 0.0000e+00
       9844    100.000     9.5627     9.5657   3.657218   3.658001     2.5918      82.69     0.0305 5.1462e-02    5.44324    33.8161    33.8214    26.1007    1488.44    1486.27 0.0000e+00
       9915    101.000     9.5417     9.5446   3.656835   3.657601     2.5895      73.43     0.0312 5.1479e-02    5.43804    33.8315    33.8367    26.1162    1488.40    1486.29 0.0000e+00
       9986    102.000     9.4867     9.4901   3.655196   3.655962     2.5855      78.82     0.0323 5.1472e-02    5.42387    33.8661    33.8708    26.1522    1488.26    1486.31 0.0000e+00
      10058    103.000     9.4786     9.4823   3.655029   3.655808     2.5776      74.23     0.0326 5.1459e-02    5.40963    33.8715    33.8761    26.1578    1488.25    1486.33 0.0000e+00
      10129    104.000     9.4639     9.4673   3.654677   3.655455     2.5765      77.00     0.0320 5.1458e-02    5.41715    33.8813    33.8862    26.1679    1488.23    1486.35 0.0000e+00
      10200    105.000     9.4445     9.4484   3.653875   3.654682     2.5747      64.88     0.0291 5.1495e-02    5.41169    33.8910    33.8956    26.1786    1488.19    1486.37 0.0000e+00
      10271    106.000     9.4348     9.4379   3.653535   3.654302     2.5747      77.27     0.0356 5.1457e-02    5.42282    33.8962    33.9012    26.1842    1488.17    1486.39 0.0000e+00
      10341    107.000     9.4269     9.4299   3.653333   3.654093     2.5758      86.05     0.0362 5.1480e-02    5.42032    33.9011    33.9061    26.1894    1488.17    1486.40 0.0000e+00
      10412    108.000     9.4209     9.4240   3.653110   3.653883     2.5731      79.56     0.0328 5.1459e-02    5.40913    33.9040    33.9091    26.1926    1488.17    1486.42 0.0000e+00
      10483    109.000     9.4122     9.4155   3.652903   3.653674     2.5722      75.23     0.0331 5.1477e-02    5.41701    33.9097    33.9145    26.1985    1488.16    1486.43 0.0000e+00
      10554    110.000     9.4075     9.4109   3.652724   3.653502     2.5721      90.67     0.0313 5.1461e-02    5.41778    33.9118    33.9166    26.2009    1488.16    1486.45 0.0000e+00
      10625    111.000     9.4008     9.4042   3.652486   3.653255     2.5721      70.04     0.0338 5.1465e-02    5.41172    33.9152    33.9200    26.2047    1488.15    1486.47 0.0000e+00
      10695    112.000     9.3837     9.3867   3.651765   3.652504     2.5692      92.78     0.0325 5.1474e-02    5.40724    33.9235    33.9283    26.2139    1488.12    1486.48 0.0000e+00
      10766    113.000     9.3729     9.3757   3.651216   3.651950     2.5658      77.72     0.0313 5.1471e-02    5.40642    33.9276    33.9326    26.2189    1488.10    1486.49 0.0000e+00
      10837    114.000     9.3319     9.3345   3.648736   3.649413     2.5655      89.85     0.0331 5.1475e-02    5.39927    33.9404    33.9449    26.2355    1487.98    1486.51 0.0000e+00
      10909    115.000     9.2909     9.2935   3.646318   3.647017     2.5582      75.81     0.0343 5.1478e-02    5.38702    33.9538    33.9586    26.2527    1487.87    1486.52 0.0000e+00
      10979    116.000     9.2476     9.2506   3.643426   3.644106     2.5561      78.64     0.0333 5.1474e-02    5.39200    33.9645    33.9687    26.2680    1487.74    1486.53 0.0000e+00
      11049    117.000     9.1935     9.1967   3.640127   3.640854     2.5523      89.80     0.0327 5.1476e-02    5.38620    33.9813    33.9858    26.2898    1487.58    1486.54 0.0000e+00
      11120    118.000     9.1759     9.1795   3.639109   3.639864     2.5502      76.42     0.0339 5.1469e-02    5.38944    33.9870    33.9914    26.2971    1487.53    1486.55 0.0000e+00
      11191    119.000     9.1252     9.1286   3.635056   3.635746     2.5489      88.97     0.0297 5.1455e-02    5.38409    33.9927    33.9966    26.3097    1487.37    1486.55 0.0000e+00
      11262    120.000     9.0025     9.0042   3.626378   3.626833     2.5403      65.13     0.0331 5.1471e-02    5.36634    34.0189    34.0220    26.3498    1486.97    1486.56 0.0000e+00
      11333    121.000     8.9459     8.9469   3.622385   3.622882     2.5310      80.69     0.0327 5.1481e-02    5.35501    34.0309    34.0351    26.3682    1486.79    1486.56 0.0000e+00
      11404    122.000     8.8152     8.8153   3.613096   3.613420     2.5236      76.53     0.0343 5.1464e-02    5.35105    34.0584    34.0617    26.4103    1486.36    1486.56 0.0000e+00
      11474    123.000     8.6871     8.6874   3.604095   3.604426     2.5191      80.61     0.0337 5.1481e-02    5.35836    34.0866    34.0898    26.4524    1485.93    1486.55 0.0000e+00
      11545    124.000     8.5565     8.5573   3.594701   3.595095     2.5125      83.52     0.0312 5.1473e-02    5.35301    34.1130    34.1164    26.4933    1485.49    1486.54 0.0000e+00
      11616    125.000     8.4576     8.4583   3.587614   3.587966     2.5046      79.64     0.0310 5.1471e-02    5.34293    34.1332    34.1362    26.5244    1485.17    1486.53 0.0000e+00
      11686    126.000     8.2881     8.2869   3.575322   3.575510     2.4935      70.97     0.0318 5.1472e-02    5.32754    34.1667    34.1698    26.5764    1484.59    1486.52 0.0000e+00
      11757    127.000     8.1200     8.1201   3.563195   3.563458     2.4859      77.49     0.0306 5.1471e-02    5.33904    34.2006    34.2033    26.6284    1484.02    1486.50 0.0000e+00
      11828    128.000     7.9240     7.9249   3.549092   3.549309     2.4773      59.47     0.0342 5.1468e-02    5.33001    34.2406    34.2421    26.6890    1483.34    1486.47 0.0000e+00
      11898    129.000     7.7849     7.7881   3.539197   3.539631     2.4699      65.07     0.0294 5.1455e-02    5.33359    34.2702    34.2717    26.7327    1482.87    1486.45 0.0000e+00
      11969    130.000     7.6488     7.6499   3.529452   3.529741     2.4613      87.01     0.0326 5.1451e-02    5.32547    34.2985    34.3005    26.7747    1482.40    1486.41 0.0000e+00
      12040    131.000     7.5860     7.5885   3.524812   3.525292     2.4519      78.43     0.0328 5.1471e-02    5.30751    34.3097    34.3124    26.7926    1482.19    1486.38 0.0000e+00
      12111    132.000     7.5286     7.5336   3.520784   3.521396     2.4463      74.21     0.0311 5.1457e-02    5.30975    34.3223    34.3240    26.8107    1482.00    1486.35 0.0000e+00
      12181    133.000     7.4868     7.4900   3.517841   3.518409     2.4452      93.26     0.0307 5.1468e-02    5.32101    34.3312    34.3342    26.8237    1481.87    1486.31 0.0000e+00
      12252    134.000     7.4637     7.4671   3.516426   3.517007     2.4428      67.92     0.0305 5.1464e-02    5.30838    34.3382    34.3411    26.8325    1481.81    1486.28 0.0000e+00
      12322    135.000     7.4261     7.4300   3.513961   3.514571     2.4384      80.07     0.0299 5.1480e-02    5.29947    34.3481    34.3509    26.8457    1481.69    1486.25 0.0000e+00
      12393    136.000     7.3997     7.4034   3.512201   3.512807     2.4347      79.99     0.0310 5.1455e-02    5.29929    34.3546    34.3576    26.8546    1481.62    1486.21 0.0000e+00
      12464    137.000     7.3678     7.3712   3.510076   3.510626     2.4322      62.20     0.0327 5.1455e-02    5.29232    34.3626    34.3653    26.8655    1481.52    1486.18 0.0000e+00
      12534    138.000     7.3179     7.3206   3.506870   3.507371     2.4284      68.00     0.0316 5.1455e-02    5.29499    34.3767    34.3795    26.8836    1481.36    1486.14 0.0000e+00
      12604    139.000     7.2828     7.2862   3.504601   3.505164     2.4261      62.71     0.0309 5.1472e-02    5.28639    34.3864    34.3891    26.8962    1481.26    1486.11 0.0000e+00
      12675    140.000     7.2668     7.2699   3.503565   3.504107     2.4219      55.06     0.0312 5.1473e-02    5.28499    34.3905    34.3933    26.9016    1481.22    1486.07 0.0000e+00
      12745    141.000     7.2458     7.2492   3.502177   3.502742     2.4250      81.49     0.0287 5.1479e-02    5.30529    34.3957    34.3985    26.9087    1481.16    1486.04 0.0000e+00
      12816    142.000     7.2042     7.2062   3.499674   3.500138     2.4229      78.11     0.0319 5.1472e-02    5.29205    34.4093    34.4123    26.9252    1481.03    1486.00 0.0000e+00
      12887    143.000     7.1766     7.1799   3.498052   3.498610     2.4205      77.06     0.0299 5.1479e-02    5.29054    34.4185    34.4213    26.9364    1480.95    1485.97 0.0000e+00
      12957    144.000     7.1641     7.1672   3.497371   3.497915     2.4193      89.50     0.0304 5.1471e-02    5.29331    34.4230    34.4259    26.9417    1480.93    1485.93 0.0000e+00
      13027    145.000     7.1481     7.1516   3.496604   3.497193     2.4186      83.21     0.0288 5.1475e-02    5.29667    34.4301    34.4330    26.9495    1480.89    1485.90 0.0000e+00
      13098    146.000     7.1419     7.1455   3.496538   3.497127     2.4191      73.64     0.0293 5.1461e-02    5.29592    34.4351    34.4379    26.9543    1480.89    1485.86 0.0000e+00
      13169    147.000     7.1349     7.1385   3.496306   3.496903     2.4163      77.89     0.0282 5.1479e-02    5.28614    34.4390    34.4419    26.9583    1480.88    1485.83 0.0000e+00
      13239    148.000     7.1258     7.1294   3.495833   3.496408     2.4149      87.46     0.0267 5.1468e-02    5.28887    34.4424    34.4451    26.9623    1480.87    1485.80 0.0000e+00
      13310    149.000     7.1114     7.1149   3.494910   3.495488     2.4140      69.12     0.0273 5.1453e-02    5.28866    34.4462    34.4490    26.9673    1480.83    1485.76 0.0000e+00
      13380    150.000     7.1065     7.1102   3.494799   3.495382     2.4148      75.16     0.0278 5.1467e-02    5.29392    34.4494    34.4520    26.9705    1480.84    1485.73 0.0000e+00
      13451    151.000     7.1026     7.1061   3.494937   3.495526     2.4157      75.16     0.0286 5.1465e-02    5.29970    34.4543    34.4572    26.9749    1480.84    1485.70 0.0000e+00
      13522    152.000     7.0980     7.1017   3.494891   3.495488     2.4139      83.29     0.0317 5.1468e-02    5.28545    34.4579    34.4607    26.9783    1480.85    1485.66 0.0000e+00
      13591    153.000     7.0951     7.0990   3.494897   3.495498     2.4131      65.82     0.0282 5.1474e-02    5.29331    34.4603    34.4630    26.9807    1480.85    1485.63 0.0000e+00
      13662    154.000     7.0940     7.0977   3.494941   3.495536     2.4141      81.88     0.0299 5.1461e-02    5.29546    34.4614    34.4642    26.9817    1480.87    1485.60 0.0000e+00
      13733    155.000     7.0896     7.0932   3.494840   3.495425     2.4118      79.15     0.0305 5.1478e-02    5.28262    34.4642    34.4670    26.9845    1480.87    1485.57 0.0000e+00
      13803    156.000     7.0832     7.0870   3.494663   3.495256     2.4117      78.54     0.0310 5.1474e-02    5.29402    34.4682    34.4709    26.9885    1480.87    1485.54 0.0000e+00
      13874    157.000     7.0807     7.0844   3.494628   3.495221     2.4121      84.81     0.0298 5.1470e-02    5.29758    34.4698    34.4726    26.9901    1480.88    1485.51 0.0000e+00
      13944    158.000     7.0789     7.0827   3.494633   3.495227     2.4122      81.79     0.0288 5.1462e-02    5.28896    34.4712    34.4739    26.9915    1480.89    1485.48 0.0000e+00
      14015    159.000     7.0779     7.0816   3.494672   3.495263     2.4101      72.35     0.0310 5.1469e-02    5.28829    34.4721    34.4749    26.9923    1480.90    1485.45 0.0000e+00
      14086    160.000     7.0763     7.0801   3.494696   3.495288     2.4106      87.15     0.0306 5.1461e-02    5.29261    34.4735    34.4762    26.9936    1480.91    1485.42 0.0000e+00
      14157    161.000     7.0749     7.0787   3.494726   3.495326     2.4114      80.40     0.0293 5.1462e-02    5.29935    34.4747    34.4775    26.9948    1480.93    1485.40 0.0000e+00
      14228    162.000     7.0747     7.0784   3.494790   3.495386     2.4148      70.75     0.0292 5.1470e-02    5.30872    34.4751    34.4779    26.9952    1480.94    1485.37 0.0000e+00
      14299    163.000     7.0747     7.0783   3.494851   3.495449     2.4142      73.82     0.0292 5.1477e-02    5.30015    34.4753    34.4782    26.9953    1480.96    1485.34 0.0000e+00
      14370    164.000     7.0745     7.0781   3.494912   3.495513     2.4135      83.94     0.0288 5.1472e-02    5.30093    34.4757    34.4786    26.9956    1480.97    1485.32 0.0000e+00
      14440    165.000     7.0739     7.0777   3.494958   3.495566     2.4109      62.34     0.0282 5.1475e-02    5.28933    34.4763    34.4791    26.9962    1480.99    1485.29 0.0000e+00
      14510    166.000     7.0730     7.0767   3.495006   3.495610     2.4092      87.17     0.0260 5.1467e-02    5.29158    34.4772    34.4801    26.9970    1481.00    1485.26 0.0000e+00
      14582    167.000     7.0723     7.0759   3.495053   3.495664     2.4095      90.31     0.0277 5.1467e-02    5.29681    34.4779    34.4810    26.9977    1481.02    1485.24 0.0000e+00
      14652    168.000     7.0712     7.0748   3.495111   3.495725     2.4122      77.27     0.0330 5.1472e-02    5.30311    34.4792    34.4823    26.9988    1481.03    1485.21 0.0000e+00
      14722    169.000     7.0701     7.0738   3.495158   3.495776     2.4098      77.73     0.0290 5.1472e-02    5.29206    34.4803    34.4834    26.9999    1481.05    1485.19 0.0000e+00
      14792    170.000     7.0689     7.0726   3.495224   3.495836     2.4092      67.82     0.0302 5.1478e-02    5.29234    34.4817    34.4847    27.0012    1481.06    1485.16 0.0000e+00
      14863    171.000     7.0678     7.0714   3.495299   3.495913     2.4093      83.67     0.0310 5.1469e-02    5.29983    34.4831    34.4863    27.0025    1481.07    1485.14 0.0000e+00
      14934    172.000     7.0649     7.0685   3.495499   3.496119     2.4104      77.68     0.0331 5.1477e-02    5.30257    34.4877    34.4909    27.0065    1481.08    1485.12 0.0000e+00
      15005    173.000     7.0642     7.0679   3.495610   3.496227     2.4120      88.42     0.0299 5.1474e-02    5.30751    34.4892    34.4922    27.0077    1481.10    1485.09 0.0000e+00
      15075    174.000     7.0638     7.0675   3.495717   3.496329     2.4138      79.47     0.0297 5.1477e-02    5.31552    34.4903    34.4933    27.0086    1481.12    1485.07 0.0000e+00
