DigitalOcean/CTDs/sta0325.cnv
* Sea-Bird SBE 9 Data File:
* FileName = C:\Seabird\CTDData\sta0325.hex
* Software Version Seasave V 7.21f
* Temperature SN = 4385
* Conductivity SN = 2140
* Number of Bytes Per Scan = 34
* Number of Voltage Words = 3
* Number of Scans Averaged by the Deck Unit = 1
* NMEA Latitude = 67 07.92 N
* NMEA Longitude = 014 17.18 E
* NMEA UTC (Time) = Dec 02 2017 12:17:58
* NMEA baud rate = 4800
** Ship: 10 F/F "G. O. Sars"
** Station: 0325
** Echodepth: 388
** Log: 2520.02
** Wind-Dir Force: 23 03
** Air-temp (dry): 4.2
** Weather Sky: 2 6
** Sea Ice: 2 0
# nquan = 17                                
# nvalues = 371                         
# units = specified
# name 0 = scan: Scan Count
# name 1 = prDM: Pressure, Digiquartz [db]
# name 2 = t068C: Temperature [ITS-68, deg C]
# name 3 = t168C: Temperature, 2 [ITS-68, deg C]
# name 4 = c0S/m: Conductivity [S/m]
# name 5 = c1S/m: Conductivity, 2 [S/m]
# name 6 = sbeox0V: Oxygen raw, SBE 43 [V]
# name 7 = altM: Altimeter [m]
# name 8 = flC: Fluorescence, Chelsea Aqua 3 Chl Con [ug/l]
# name 9 = par: PAR/Irradiance, Biospherical/Licor
# name 10 = sbeox0ML/L: Oxygen, SBE 43 [ml/l], WS = 2
# name 11 = sal00: Salinity, Practical [PSU]
# name 12 = sal11: Salinity, Practical, 2 [PSU]
# name 13 = sigma-t00: Density [sigma-t, Kg/m^3 ]
# name 14 = svCM: Sound Velocity [Chen-Millero, m/s]
# name 15 = avgsvCM: Average Sound Velocity [Chen-Millero, m/s], minP = 1, minS = 5
# name 16 = flag: flag
# span 0 =       4554,      31922       
# span 1 =      4.000,    374.000       
# span 2 =     7.0592,     9.8081       
# span 3 =     7.0626,     9.8109       
# span 4 =   3.323627,   3.659201       
# span 5 =   3.324254,   3.660070       
# span 6 =     2.3185,     2.7202       
# span 7 =      10.42,      99.06       
# span 8 =     0.0236,     0.0506       
# span 9 = 5.1444e-02, 9.2361e-01       
# span 10 =    5.16391,    6.08211      
# span 11 =    32.4036,    34.5274      
# span 12 =    32.4071,    34.5326      
# span 13 =    25.2570,    27.0365      
# span 14 =    1477.22,    1488.93      
# span 15 =    1478.10,    1484.11      
# span 16 = 0.0000e+00, 0.0000e+00      
# interval = decibars: 1                
# start_time = Dec 02 2017 12:18:00 [System UTC, header]
# bad_flag = -9.990e-29
*END*
[from data line 256]
      22866    260.000     7.0640     7.0673   3.502503   3.503244     2.3960      98.92     0.0312 5.1464e-02    5.32115    34.5222    34.5271    27.0338    1482.57    1482.85 0.0000e+00
      22938    261.000     7.0641     7.0674   3.502567   3.503305     2.3950      69.65     0.0299 5.1468e-02    5.31171    34.5223    34.5271    27.0338    1482.59    1482.85 0.0000e+00
      23011    262.000     7.0642     7.0675   3.502622   3.503365     2.3948      91.30     0.0291 5.1476e-02    5.31713    34.5224    34.5272    27.0338    1482.60    1482.85 0.0000e+00
      23083    263.000     7.0643     7.0675   3.502678   3.503419     2.3955      98.92     0.0287 5.1462e-02    5.32122    34.5224    34.5273    27.0338    1482.62    1482.85 0.0000e+00
      23154    264.000     7.0644     7.0676   3.502728   3.503476     2.3959      55.72     0.0290 5.1483e-02    5.31741    34.5223    34.5273    27.0338    1482.64    1482.85 0.0000e+00
      23225    265.000     7.0644     7.0677   3.502797   3.503545     2.3936      85.25     0.0263 5.1474e-02    5.31351    34.5226    34.5275    27.0340    1482.65    1482.85 0.0000e+00
      23297    266.000     7.0645     7.0678   3.502867   3.503610     2.3945      95.95     0.0279 5.1474e-02    5.31906    34.5228    34.5276    27.0341    1482.67    1482.85 0.0000e+00
      23369    267.000     7.0646     7.0679   3.502933   3.503676     2.3933      80.93     0.0280 5.1466e-02    5.31159    34.5229    34.5278    27.0342    1482.69    1482.85 0.0000e+00
      23441    268.000     7.0646     7.0679   3.502988   3.503738     2.3935      96.24     0.0290 5.1466e-02    5.31636    34.5230    34.5279    27.0343    1482.70    1482.85 0.0000e+00
      23513    269.000     7.0647     7.0679   3.503059   3.503809     2.3924      90.80     0.0272 5.1473e-02    5.31164    34.5232    34.5282    27.0344    1482.72    1482.85 0.0000e+00
      23585    270.000     7.0647     7.0679   3.503129   3.503884     2.3913      55.69     0.0297 5.1472e-02    5.31219    34.5235    34.5286    27.0347    1482.74    1482.85 0.0000e+00
      23656    271.000     7.0647     7.0680   3.503204   3.503950     2.3900      98.51     0.0314 5.1454e-02    5.29936    34.5238    34.5287    27.0349    1482.76    1482.85 0.0000e+00
      23728    272.000     7.0648     7.0680   3.503267   3.504012     2.3869      86.74     0.0294 5.1476e-02    5.29490    34.5239    34.5289    27.0350    1482.77    1482.85 0.0000e+00
      23801    273.000     7.0648     7.0680   3.503336   3.504079     2.3823      64.52     0.0267 5.1467e-02    5.27909    34.5242    34.5291    27.0352    1482.79    1482.85 0.0000e+00
      23872    274.000     7.0649     7.0681   3.503406   3.504150     2.3824      93.40     0.0270 5.1476e-02    5.28951    34.5244    34.5293    27.0353    1482.81    1482.85 0.0000e+00
      23943    275.000     7.0649     7.0681   3.503464   3.504208     2.3817      95.21     0.0287 5.1467e-02    5.28868    34.5245    34.5295    27.0354    1482.82    1482.85 0.0000e+00
      24014    276.000     7.0650     7.0682   3.503524   3.504270     2.3810      66.00     0.0282 5.1467e-02    5.28091    34.5246    34.5296    27.0355    1482.84    1482.85 0.0000e+00
      24086    277.000     7.0651     7.0683   3.503582   3.504330     2.3779      77.45     0.0292 5.1468e-02    5.27223    34.5246    34.5296    27.0355    1482.86    1482.85 0.0000e+00
      24158    278.000     7.0651     7.0684   3.503642   3.504387     2.3778      98.89     0.0297 5.1472e-02    5.28150    34.5248    34.5297    27.0356    1482.87    1482.85 0.0000e+00
      24230    279.000     7.0653     7.0685   3.503691   3.504447     2.3766      83.51     0.0298 5.1478e-02    5.26789    34.5246    34.5297    27.0355    1482.89    1482.85 0.0000e+00
      24302    280.000     7.0653     7.0685   3.503746   3.504493     2.3750      90.47     0.0289 5.1471e-02    5.27568    34.5248    34.5298    27.0356    1482.91    1482.85 0.0000e+00
      24373    281.000     7.0654     7.0687   3.503798   3.504553     2.3758      90.34     0.0279 5.1479e-02    5.27179    34.5247    34.5297    27.0356    1482.92    1482.85 0.0000e+00
      24444    282.000     7.0655     7.0687   3.503856   3.504603     2.3729      58.93     0.0254 5.1478e-02    5.26091    34.5248    34.5298    27.0356    1482.94    1482.85 0.0000e+00
      24516    283.000     7.0656     7.0689   3.503909   3.504664     2.3734      95.81     0.0286 5.1467e-02    5.26960    34.5248    34.5298    27.0356    1482.96    1482.85 0.0000e+00
      24588    284.000     7.0657     7.0689   3.503971   3.504728     2.3719      88.78     0.0283 5.1472e-02    5.26661    34.5249    34.5300    27.0356    1482.97    1482.85 0.0000e+00
      24660    285.000     7.0657     7.0689   3.504027   3.504786     2.3744      87.90     0.0264 5.1485e-02    5.27788    34.5250    34.5301    27.0357    1482.99    1482.85 0.0000e+00
      24731    286.000     7.0658     7.0690   3.504086   3.504842     2.3749      90.31     0.0287 5.1461e-02    5.27477    34.5251    34.5301    27.0357    1483.01    1482.85 0.0000e+00
      24803    287.000     7.0658     7.0691   3.504153   3.504899     2.3741      83.03     0.0283 5.1478e-02    5.26962    34.5253    34.5302    27.0359    1483.02    1482.85 0.0000e+00
      24875    288.000     7.0659     7.0692   3.504207   3.504960     2.3719      81.89     0.0294 5.1460e-02    5.26312    34.5253    34.5303    27.0359    1483.04    1482.85 0.0000e+00
      24947    289.000     7.0660     7.0692   3.504258   3.505012     2.3698      90.30     0.0282 5.1462e-02    5.26428    34.5253    34.5303    27.0359    1483.06    1482.85 0.0000e+00
      25020    290.000     7.0661     7.0693   3.504312   3.505071     2.3706      98.63     0.0294 5.1472e-02    5.26376    34.5253    34.5304    27.0359    1483.08    1482.85 0.0000e+00
      25092    291.000     7.0662     7.0694   3.504369   3.505121     2.3692      90.40     0.0250 5.1473e-02    5.25903    34.5253    34.5304    27.0359    1483.09    1482.85 0.0000e+00
      25163    292.000     7.0663     7.0695   3.504419   3.505179     2.3698      98.89     0.0242 5.1471e-02    5.27040    34.5253    34.5304    27.0358    1483.11    1482.85 0.0000e+00
      25234    293.000     7.0664     7.0696   3.504480   3.505239     2.3708      67.44     0.0280 5.1467e-02    5.27281    34.5254    34.5305    27.0359    1483.13    1482.85 0.0000e+00
      25306    294.000     7.0664     7.0697   3.504533   3.505289     2.3726      98.98     0.0281 5.1468e-02    5.27083    34.5254    34.5304    27.0360    1483.14    1482.86 0.0000e+00
      25378    295.000     7.0665     7.0697   3.504588   3.505346     2.3704      98.91     0.0272 5.1462e-02    5.26614    34.5255    34.5306    27.0360    1483.16    1482.86 0.0000e+00
      25450    296.000     7.0666     7.0699   3.504640   3.505401     2.3704      98.84     0.0313 5.1460e-02    5.27036    34.5254    34.5305    27.0359    1483.18    1482.86 0.0000e+00
      25522    297.000     7.0667     7.0700   3.504697   3.505464     2.3686      98.91     0.0302 5.1477e-02    5.25724    34.5255    34.5306    27.0360    1483.19    1482.86 0.0000e+00
      25594    298.000     7.0668     7.0700   3.504753   3.505509     2.3656      90.70     0.0284 5.1468e-02    5.25298    34.5255    34.5306    27.0360    1483.21    1482.86 0.0000e+00
      25666    299.000     7.0669     7.0702   3.504806   3.505564     2.3672      78.15     0.0293 5.1464e-02    5.27090    34.5255    34.5305    27.0359    1483.23    1482.86 0.0000e+00
      25738    300.000     7.0670     7.0703   3.504862   3.505619     2.3680      99.00     0.0296 5.1466e-02    5.26084    34.5255    34.5305    27.0359    1483.24    1482.86 0.0000e+00
      25810    301.000     7.0671     7.0703   3.504909   3.505679     2.3684      89.23     0.0277 5.1468e-02    5.26940    34.5254    34.5307    27.0359    1483.26    1482.86 0.0000e+00
      25881    302.000     7.0672     7.0704   3.504972   3.505733     2.3668      56.95     0.0269 5.1475e-02    5.25955    34.5256    34.5307    27.0359    1483.28    1482.86 0.0000e+00
      25952    303.000     7.0673     7.0705   3.505024   3.505783     2.3667      96.81     0.0278 5.1473e-02    5.26130    34.5255    34.5307    27.0359    1483.29    1482.87 0.0000e+00
      26024    304.000     7.0674     7.0705   3.505084   3.505841     2.3652      85.13     0.0266 5.1472e-02    5.26250    34.5256    34.5308    27.0360    1483.31    1482.87 0.0000e+00
      26096    305.000     7.0675     7.0707   3.505132   3.505894     2.3676      89.86     0.0315 5.1460e-02    5.26757    34.5255    34.5307    27.0359    1483.33    1482.87 0.0000e+00
      26168    306.000     7.0675     7.0707   3.505194   3.505953     2.3664      70.27     0.0295 5.1462e-02    5.25893    34.5257    34.5308    27.0360    1483.34    1482.87 0.0000e+00
      26240    307.000     7.0676     7.0708   3.505247   3.506009     2.3637      85.35     0.0277 5.1466e-02    5.25743    34.5257    34.5309    27.0360    1483.36    1482.87 0.0000e+00
      26311    308.000     7.0677     7.0709   3.505300   3.506059     2.3645      89.47     0.0276 5.1472e-02    5.26048    34.5257    34.5308    27.0360    1483.38    1482.87 0.0000e+00
      26383    309.000     7.0678     7.0710   3.505351   3.506109     2.3627      98.82     0.0280 5.1470e-02    5.25170    34.5257    34.5308    27.0360    1483.39    1482.88 0.0000e+00
      26455    310.000     7.0679     7.0711   3.505411   3.506168     2.3632      74.35     0.0256 5.1466e-02    5.26308    34.5258    34.5309    27.0360    1483.41    1482.88 0.0000e+00
      26526    311.000     7.0680     7.0712   3.505464   3.506227     2.3644      91.19     0.0257 5.1469e-02    5.26599    34.5257    34.5309    27.0360    1483.43    1482.88 0.0000e+00
      26596    312.000     7.0681     7.0713   3.505514   3.506277     2.3664      92.71     0.0276 5.1459e-02    5.26520    34.5257    34.5309    27.0359    1483.45    1482.88 0.0000e+00
      26666    313.000     7.0682     7.0714   3.505563   3.506327     2.3626      59.89     0.0285 5.1473e-02    5.25407    34.5257    34.5308    27.0359    1483.46    1482.88 0.0000e+00
      26736    314.000     7.0683     7.0715   3.505618   3.506386     2.3621      89.53     0.0292 5.1461e-02    5.25069    34.5257    34.5309    27.0359    1483.48    1482.88 0.0000e+00
      26806    315.000     7.0684     7.0716   3.505681   3.506440     2.3602      98.84     0.0269 5.1487e-02    5.25702    34.5258    34.5309    27.0359    1483.50    1482.89 0.0000e+00
      26877    316.000     7.0685     7.0717   3.505732   3.506494     2.3628      89.46     0.0299 5.1479e-02    5.26380    34.5257    34.5309    27.0359    1483.51    1482.89 0.0000e+00
      26948    317.000     7.0685     7.0718   3.505792   3.506556     2.3619      77.67     0.0297 5.1465e-02    5.25581    34.5259    34.5310    27.0360    1483.53    1482.89 0.0000e+00
      27019    318.000     7.0686     7.0719   3.505843   3.506609     2.3629      76.67     0.0303 5.1472e-02    5.26489    34.5259    34.5310    27.0360    1483.55    1482.89 0.0000e+00
      27088    319.000     7.0687     7.0719   3.505894   3.506662     2.3619      64.81     0.0267 5.1445e-02    5.25956    34.5259    34.5311    27.0360    1483.56    1482.89 0.0000e+00
      27158    320.000     7.0688     7.0721   3.505951   3.506711     2.3606      98.14     0.0289 5.1478e-02    5.24791    34.5259    34.5309    27.0360    1483.58    1482.90 0.0000e+00
      27229    321.000     7.0689     7.0721   3.506006   3.506767     2.3587      87.13     0.0275 5.1465e-02    5.25497    34.5259    34.5311    27.0360    1483.60    1482.90 0.0000e+00
      27300    322.000     7.0690     7.0722   3.506069   3.506827     2.3597      92.24     0.0236 5.1468e-02    5.25795    34.5260    34.5311    27.0361    1483.61    1482.90 0.0000e+00
      27372    323.000     7.0691     7.0723   3.506114   3.506880     2.3592      90.65     0.0267 5.1471e-02    5.25359    34.5259    34.5311    27.0360    1483.63    1482.90 0.0000e+00
      27443    324.000     7.0692     7.0724   3.506168   3.506934     2.3595      97.39     0.0318 5.1466e-02    5.25856    34.5259    34.5311    27.0360    1483.65    1482.91 0.0000e+00
      27512    325.000     7.0693     7.0725   3.506224   3.506989     2.3590      98.88     0.0311 5.1472e-02    5.25320    34.5260    34.5311    27.0360    1483.66    1482.91 0.0000e+00
      27583    326.000     7.0694     7.0725   3.506276   3.507043     2.3576      78.54     0.0298 5.1473e-02    5.24618    34.5259    34.5312    27.0359    1483.68    1482.91 0.0000e+00
      27654    327.000     7.0695     7.0727   3.506332   3.507096     2.3578      85.24     0.0284 5.1475e-02    5.26148    34.5260    34.5311    27.0359    1483.70    1482.91 0.0000e+00
      27725    328.000     7.0696     7.0728   3.506382   3.507147     2.3596      98.86     0.0269 5.1459e-02    5.25957    34.5259    34.5311    27.0359    1483.71    1482.92 0.0000e+00
      27796    329.000     7.0697     7.0729   3.506439   3.507201     2.3581      98.89     0.0283 5.1472e-02    5.25299    34.5260    34.5311    27.0359    1483.73    1482.92 0.0000e+00
      27866    330.000     7.0698     7.0730   3.506488   3.507253     2.3577      89.01     0.0270 5.1469e-02    5.25518    34.5259    34.5311    27.0359    1483.75    1482.92 0.0000e+00
      27936    331.000     7.0699     7.0730   3.506544   3.507311     2.3568      66.30     0.0279 5.1470e-02    5.25162    34.5259    34.5312    27.0359    1483.77    1482.92 0.0000e+00
      28006    332.000     7.0700     7.0731   3.506595   3.507373     2.3560      92.77     0.0264 5.1459e-02    5.24725    34.5259    34.5313    27.0358    1483.78    1482.93 0.0000e+00
      28078    333.000     7.0701     7.0732   3.506657   3.507426     2.3560      89.31     0.0275 5.1468e-02    5.25650    34.5260    34.5313    27.0359    1483.80    1482.93 0.0000e+00
      28150    334.000     7.0701     7.0733   3.506712   3.507484     2.3547      65.68     0.0274 5.1470e-02    5.24437    34.5261    34.5314    27.0360    1483.82    1482.93 0.0000e+00
      28221    335.000     7.0702     7.0734   3.506762   3.507534     2.3539      93.34     0.0248 5.1453e-02    5.24673    34.5261    34.5313    27.0359    1483.83    1482.93 0.0000e+00
      28291    336.000     7.0703     7.0735   3.506827   3.507584     2.3529      88.89     0.0308 5.1464e-02    5.24355    34.5262    34.5313    27.0360    1483.85    1482.94 0.0000e+00
      28361    337.000     7.0704     7.0736   3.506880   3.507643     2.3533      98.70     0.0307 5.1467e-02    5.25128    34.5262    34.5314    27.0360    1483.87    1482.94 0.0000e+00
      28432    338.000     7.0705     7.0737   3.506931   3.507701     2.3539      69.01     0.0294 5.1469e-02    5.24838    34.5262    34.5314    27.0360    1483.88    1482.94 0.0000e+00
      28503    339.000     7.0706     7.0737   3.506993   3.507762     2.3537      98.83     0.0272 5.1453e-02    5.25216    34.5263    34.5316    27.0360    1483.90    1482.94 0.0000e+00
      28574    340.000     7.0707     7.0738   3.507046   3.507815     2.3541      98.88     0.0292 5.1472e-02    5.24962    34.5263    34.5316    27.0360    1483.92    1482.95 0.0000e+00
      28644    341.000     7.0708     7.0739   3.507101   3.507874     2.3529      51.30     0.0266 5.1466e-02    5.24778    34.5263    34.5316    27.0360    1483.93    1482.95 0.0000e+00
      28714    342.000     7.0709     7.0740   3.507152   3.507921     2.3532      98.30     0.0288 5.1469e-02    5.24974    34.5262    34.5316    27.0360    1483.95    1482.95 0.0000e+00
      28784    343.000     7.0710     7.0741   3.507205   3.507975     2.3513      82.92     0.0290 5.1460e-02    5.24167    34.5262    34.5316    27.0359    1483.97    1482.96 0.0000e+00
