DigitalOcean/CTDs/sta0319.cnv
* Sea-Bird SBE 9 Data File:
* FileName = C:\Seabird\CTDData\sta0319.hex
* Software Version Seasave V 7.21f
* Temperature SN = 4385
* Conductivity SN = 2140
* Number of Bytes Per Scan = 34
* Number of Voltage Words = 3
* Number of Scans Averaged by the Deck Unit = 1
* NMEA Latitude = 66 36.75 N
* NMEA Longitude = 006 37.61 E
* NMEA UTC (Time) = Nov 29 2017 11:58:28
* NMEA baud rate = 4800
** Ship: 10 F/F "G. O. Sars"
** Station: 0319
** Echodepth: 727
** Log: 2214.88
** Wind-Dir Force: 34 14
** Air-temp (dry): 0.2
** Weather Sky: 2 6
** Sea Ice: 2 0
# nquan = 17                                
# nvalues = 707                         
# units = specified
# name 0 = scan: Scan Count
# name 1 = prDM: Pressure, Digiquartz [db]
# name 2 = t068C: Temperature [ITS-68, deg C]
# name 3 = t168C: Temperature, 2 [ITS-68, deg C]
# name 4 = c0S/m: Conductivity [S/m]
# name 5 = c1S/m: Conductivity, 2 [S/m]
# name 6 = sbeox0V: Oxygen raw, SBE 43 [V]
# name 7 = altM: Altimeter [m]
# name 8 = flC: Fluorescence, Chelsea Aqua 3 Chl Con [ug/l]
# name 9 = par: PAR/Irradiance, Biospherical/Licor
# name 10 = sbeox0ML/L: Oxygen, SBE 43 [ml/l], WS = 2
# name 11 = sal00: Salinity, Practical [PSU]
# name 12 = sal11: Salinity, Practical, 2 [PSU]
# name 13 = sigma-t00: Density [sigma-t, Kg/m^3 ]
# name 14 = svCM: Sound Velocity [Chen-Millero, m/s]
# name 15 = avgsvCM: Average Sound Velocity [Chen-Millero, m/s], minP = 1, minS = 5
# name 16 = flag: flag
# span 0 =         -7,      17130       
# span 1 =      9.000,    715.000       
# span 2 =    -0.7606,     8.1483       
# span 3 =    -0.7248,     8.1528       
# span 4 =   2.864605,   3.652222       
# span 5 =   2.871123,   3.653968       
# span 6 =     2.2045,     2.7504       
# span 7 =      20.32,      98.93       
# span 8 =     0.0061,     0.0556       
# span 9 = 5.1409e-02, 1.7018e+00       
# span 10 =    5.73787,    6.45600      
# span 11 =    34.9203,    35.1533      
# span 12 =    34.9044,    35.1663      
# span 13 =    27.2930,    28.0796      
# span 14 =    1456.90,    1485.76      
# span 15 =    1475.67,    1484.33      
# span 16 = 0.0000e+00, 0.0000e+00      
# interval = decibars: 1                
# start_time = Nov 29 2017 11:58:30 [System UTC, header]
# bad_flag = -9.990e-29
*END*
[from data line 426]
      10621    435.000     4.8087     4.8135   3.350512   3.351898     2.5381      98.91     0.0156 5.1490e-02    6.17994    35.0300    35.0411    27.7214    1477.12    1483.16 0.0000e+00
      10643    436.000     4.8077     4.8127   3.350552   3.351953     2.5379      98.91     0.0144 5.1459e-02    6.18863    35.0310    35.0420    27.7223    1477.14    1483.15 0.0000e+00
      10663    437.000     4.7991     4.8040   3.349891   3.351283     2.5388      98.91     0.0119 5.1479e-02    6.19968    35.0318    35.0429    27.7239    1477.12    1483.13 0.0000e+00
      10682    438.000     4.7834     4.7884   3.348597   3.349995     2.5399      98.91     0.0111 5.1456e-02    6.20480    35.0328    35.0438    27.7265    1477.07    1483.12 0.0000e+00
      10701    439.000     4.7744     4.7796   3.347840   3.349266     2.5403      98.92     0.0114 5.1471e-02    6.20056    35.0329    35.0440    27.7276    1477.05    1483.10 0.0000e+00
      10722    440.000     4.7615     4.7660   3.346803   3.348186     2.5399      98.91     0.0123 5.1464e-02    6.19324    35.0339    35.0452    27.7299    1477.02    1483.09 0.0000e+00
      10745    441.000     4.7556     4.7603   3.346392   3.347781     2.5385      98.91     0.0145 5.1479e-02    6.18983    35.0348    35.0460    27.7313    1477.01    1483.08 0.0000e+00
      10772    442.000     4.7523     4.7563   3.346187   3.347525     2.5374      98.91     0.0119 5.1456e-02    6.18949    35.0354    35.0467    27.7321    1477.02    1483.06 0.0000e+00
      10797    443.000     4.7395     4.7421   3.345265   3.346461     2.5368      98.91     0.0117 5.1456e-02    6.19633    35.0376    35.0488    27.7353    1476.98    1483.05 0.0000e+00
      10820    444.000     4.7266     4.7314   3.344236   3.345624     2.5365      98.91     0.0132 5.1431e-02    6.19259    35.0386    35.0497    27.7376    1476.95    1483.04 0.0000e+00
      10840    445.000     4.7137     4.7187   3.343104   3.344504     2.5353      98.91     0.0146 5.1456e-02    6.19033    35.0385    35.0496    27.7390    1476.91    1483.02 0.0000e+00
      10859    446.000     4.7024     4.7070   3.342376   3.343754     2.5348      98.91     0.0159 5.1479e-02    6.19342    35.0414    35.0526    27.7426    1476.89    1483.01 0.0000e+00
      10878    447.000     4.6688     4.6717   3.339273   3.340401     2.5340      98.91     0.0132 5.1450e-02    6.19450    35.0401    35.0502    27.7453    1476.76    1482.99 0.0000e+00
      10896    448.000     4.6136     4.6176   3.334002   3.335245     2.5331      98.91     0.0125 5.1449e-02    6.20161    35.0362    35.0465    27.7485    1476.55    1482.98 0.0000e+00
      10916    449.000     4.5760     4.5806   3.330592   3.331886     2.5319      98.91     0.0136 5.1459e-02    6.20421    35.0355    35.0458    27.7521    1476.41    1482.96 0.0000e+00
      10938    450.000     4.5744     4.5790   3.330517   3.331856     2.5308      98.91     0.0106 5.1453e-02    6.20099    35.0358    35.0466    27.7525    1476.42    1482.95 0.0000e+00
      10965    451.000     4.5694     4.5746   3.330136   3.331539     2.5295      98.91     0.0119 5.1472e-02    6.20993    35.0361    35.0470    27.7533    1476.42    1482.94 0.0000e+00
      10990    452.000     4.5623     4.5675   3.329542   3.330948     2.5304      98.91     0.0153 5.1457e-02    6.22196    35.0361    35.0471    27.7541    1476.40    1482.92 0.0000e+00
      11010    453.000     4.5599     4.5652   3.329438   3.330865     2.5307      98.91     0.0147 5.1471e-02    6.21839    35.0369    35.0480    27.7550    1476.41    1482.91 0.0000e+00
      11028    454.000     4.5474     4.5523   3.328372   3.329747     2.5307      98.91     0.0119 5.1474e-02    6.21981    35.0371    35.0480    27.7566    1476.38    1482.89 0.0000e+00
      11048    455.000     4.5447     4.5488   3.328135   3.329453     2.5305      98.92     0.0125 5.1480e-02    6.21690    35.0367    35.0478    27.7565    1476.38    1482.88 0.0000e+00
      11071    456.000     4.5415     4.5461   3.327887   3.329248     2.5299      98.92     0.0135 5.1468e-02    6.21454    35.0366    35.0477    27.7568    1476.38    1482.86 0.0000e+00
      11098    457.000     4.5394     4.5440   3.327725   3.329085     2.5287      98.91     0.0162 5.1475e-02    6.20924    35.0364    35.0475    27.7569    1476.39    1482.85 0.0000e+00
      11126    458.000     4.5287     4.5336   3.326830   3.328221     2.5280      98.92     0.0154 5.1506e-02    6.21640    35.0367    35.0478    27.7583    1476.36    1482.83 0.0000e+00
      11148    459.000     4.5240     4.5289   3.326821   3.328220     2.5280      98.91     0.0117 5.1409e-02    6.21587    35.0410    35.0522    27.7623    1476.37    1482.82 0.0000e+00
      11167    460.000     4.5182     4.5229   3.326474   3.327837     2.5272      98.91     0.0091 5.1501e-02    6.20876    35.0426    35.0536    27.7642    1476.36    1482.81 0.0000e+00
      11185    461.000     4.5140     4.5190   3.326499   3.327932     2.5262      98.91     0.0112 5.1459e-02    6.20906    35.0468    35.0583    27.7680    1476.37    1482.79 0.0000e+00
      11205    462.000     4.4375     4.4429   3.319282   3.320647     2.5257      98.91     0.0119 5.1447e-02    6.22823    35.0425    35.0528    27.7731    1476.06    1482.78 0.0000e+00
      11225    463.000     4.3900     4.3942   3.314758   3.316020     2.5260      98.92     0.0108 5.1484e-02    6.24085    35.0391    35.0495    27.7756    1475.88    1482.76 0.0000e+00
      11247    464.000     4.3591     4.3633   3.311721   3.312986     2.5260      98.91     0.0127 5.1444e-02    6.24531    35.0356    35.0460    27.7762    1475.76    1482.75 0.0000e+00
      11270    465.000     4.3157     4.3209   3.307628   3.308955     2.5258      98.91     0.0141 5.1462e-02    6.24756    35.0329    35.0430    27.7788    1475.60    1482.73 0.0000e+00
      11293    466.000     4.3138     4.3179   3.307755   3.309001     2.5247      98.91     0.0140 5.1450e-02    6.23795    35.0359    35.0462    27.7814    1475.61    1482.72 0.0000e+00
      11316    467.000     4.2874     4.2915   3.305369   3.306618     2.5229      98.92     0.0136 5.1462e-02    6.23521    35.0352    35.0456    27.7837    1475.51    1482.70 0.0000e+00
      11339    468.000     4.2522     4.2565   3.302011   3.303296     2.5214      98.91     0.0152 5.1449e-02    6.24361    35.0325    35.0431    27.7853    1475.38    1482.69 0.0000e+00
      11361    469.000     4.2203     4.2252   3.299013   3.300330     2.5209      98.92     0.0151 5.1451e-02    6.25433    35.0304    35.0408    27.7871    1475.26    1482.67 0.0000e+00
      11382    470.000     4.1977     4.2024   3.296954   3.298223     2.5206      98.92     0.0104 5.1483e-02    6.25705    35.0296    35.0396    27.7889    1475.18    1482.65 0.0000e+00
      11402    471.000     4.1781     4.1829   3.295132   3.296408     2.5200      98.92     0.0085 5.1469e-02    6.25746    35.0283    35.0383    27.7900    1475.12    1482.64 0.0000e+00
      11422    472.000     4.1502     4.1548   3.292459   3.293737     2.5194      98.92     0.0114 5.1483e-02    6.26020    35.0258    35.0361    27.7910    1475.02    1482.62 0.0000e+00
      11443    473.000     4.1078     4.1114   3.288492   3.289671     2.5186      98.92     0.0116 5.1471e-02    6.26714    35.0234    35.0336    27.7936    1474.85    1482.61 0.0000e+00
      11465    474.000     4.0942     4.0987   3.287321   3.288576     2.5180      98.92     0.0131 5.1491e-02    6.26316    35.0235    35.0336    27.7951    1474.81    1482.59 0.0000e+00
      11485    475.000     4.0920     4.0967   3.287242   3.288519     2.5164      98.91     0.0149 5.1476e-02    6.25428    35.0244    35.0345    27.7960    1474.82    1482.57 0.0000e+00
      11504    476.000     4.0925     4.0973   3.287389   3.288692     2.5151      98.91     0.0134 5.1487e-02    6.25219    35.0251    35.0354    27.7965    1474.84    1482.56 0.0000e+00
      11523    477.000     4.0795     4.0842   3.286152   3.287440     2.5136      98.91     0.0121 5.1469e-02    6.24579    35.0237    35.0340    27.7968    1474.80    1482.54 0.0000e+00
      11544    478.000     4.0237     4.0251   3.280705   3.281801     2.5113      98.91     0.0097 5.1446e-02    6.24885    35.0180    35.0295    27.7981    1474.58    1482.52 0.0000e+00
      11568    479.000     3.9883     3.9929   3.277629   3.278894     2.5094      98.91     0.0090 5.1461e-02    6.25185    35.0186    35.0287    27.8024    1474.45    1482.51 0.0000e+00
      11605    480.000     3.9660     3.9807   3.275734   3.277911     2.5056      98.91     0.0148 5.1473e-02    6.24146    35.0193    35.0295    27.8053    1474.37    1482.49 0.0000e+00
      11653    481.000     3.9385     3.9453   3.273552   3.274994     2.5021      98.91     0.0140 5.1448e-02    6.24911    35.0222    35.0321    27.8104    1474.28    1482.47 0.0000e+00
      11674    482.000     3.9350     3.9402   3.273373   3.274696     2.5015      98.92     0.0125 5.1467e-02    6.24965    35.0232    35.0334    27.8116    1474.28    1482.45 0.0000e+00
      11690    483.000     3.9135     3.9166   3.271367   3.272432     2.5008      98.91     0.0125 5.1463e-02    6.25653    35.0218    35.0311    27.8127    1474.21    1482.44 0.0000e+00
      11708    484.000     3.8563     3.8589   3.266165   3.267209     2.5010      98.91     0.0129 5.1464e-02    6.26689    35.0203    35.0300    27.8175    1473.98    1482.42 0.0000e+00
      11729    485.000     3.8479     3.8522   3.265404   3.266618     2.5002      98.92     0.0136 5.1456e-02    6.25672    35.0197    35.0296    27.8178    1473.96    1482.40 0.0000e+00
      11753    486.000     3.8442     3.8490   3.265105   3.266367     2.4983      98.92     0.0142 5.1470e-02    6.25314    35.0195    35.0295    27.8181    1473.96    1482.39 0.0000e+00
      11778    487.000     3.8398     3.8458   3.264704   3.266103     2.4976      98.92     0.0120 5.1484e-02    6.26180    35.0189    35.0292    27.8181    1473.96    1482.37 0.0000e+00
      11801    488.000     3.8189     3.8237   3.262832   3.264085     2.4973      98.92     0.0138 5.1481e-02    6.26258    35.0184    35.0282    27.8198    1473.89    1482.35 0.0000e+00
      11824    489.000     3.8015     3.8068   3.261267   3.262541     2.4964      98.92     0.0151 5.1456e-02    6.26204    35.0178    35.0273    27.8211    1473.83    1482.33 0.0000e+00
      11846    490.000     3.7681     3.7733   3.258152   3.259424     2.4956      98.91     0.0079 5.1439e-02    6.26193    35.0157    35.0254    27.8229    1473.70    1482.32 0.0000e+00
      11866    491.000     3.7411     3.7460   3.255721   3.256945     2.4942      98.92     0.0075 5.1479e-02    6.25419    35.0150    35.0244    27.8251    1473.61    1482.30 0.0000e+00
      11884    492.000     3.7085     3.7135   3.252744   3.253962     2.4922      98.92     0.0096 5.1490e-02    6.24941    35.0138    35.0230    27.8274    1473.48    1482.28 0.0000e+00
      11902    493.000     3.6782     3.6826   3.250015   3.251186     2.4899      98.91     0.0132 5.1451e-02    6.25135    35.0130    35.0223    27.8298    1473.37    1482.26 0.0000e+00
      11921    494.000     3.6520     3.6573   3.247746   3.249002     2.4885      98.91     0.0136 5.1461e-02    6.25766    35.0133    35.0227    27.8327    1473.28    1482.24 0.0000e+00
      11943    495.000     3.6357     3.6409   3.246120   3.247402     2.4869      98.92     0.0113 5.1460e-02    6.25916    35.0108    35.0206    27.8323    1473.22    1482.22 0.0000e+00
      11970    496.000     3.5742     3.5787   3.240578   3.241749     2.4853      98.92     0.0126 5.1488e-02    6.26327    35.0097    35.0189    27.8376    1472.98    1482.21 0.0000e+00
      12000    497.000     3.5550     3.5594   3.238907   3.240118     2.4826      98.92     0.0144 5.1471e-02    6.25367    35.0096    35.0195    27.8395    1472.92    1482.19 0.0000e+00
      12026    498.000     3.4952     3.5012   3.233436   3.234713     2.4801      98.92     0.0091 5.1457e-02    6.26406    35.0075    35.0164    27.8438    1472.68    1482.17 0.0000e+00
      12046    499.000     3.4600     3.4649   3.230403   3.231547     2.4792      98.92     0.0126 5.1448e-02    6.27072    35.0083    35.0168    27.8478    1472.55    1482.15 0.0000e+00
      12065    500.000     3.4261     3.4307   3.227392   3.228530     2.4781      98.92     0.0133 5.1464e-02    6.27398    35.0079    35.0166    27.8508    1472.42    1482.13 0.0000e+00
      12083    501.000     3.3671     3.3748   3.221941   3.223370     2.4771      98.92     0.0119 5.1458e-02    6.28384    35.0050    35.0140    27.8543    1472.18    1482.11 0.0000e+00
      12102    502.000     3.3263     3.3327   3.218307   3.219575     2.4764      98.91     0.0125 5.1469e-02    6.28972    35.0045    35.0129    27.8579    1472.03    1482.09 0.0000e+00
      12124    503.000     3.2767     3.2814   3.213647   3.214758     2.4752      98.92     0.0126 5.1455e-02    6.28961    35.0010    35.0094    27.8599    1471.83    1482.07 0.0000e+00
      12150    504.000     3.2314     3.2364   3.209569   3.210724     2.4730      98.92     0.0131 5.1482e-02    6.29065    34.9999    35.0085    27.8634    1471.65    1482.05 0.0000e+00
      12175    505.000     3.1965     3.1987   3.206348   3.207240     2.4715      98.92     0.0149 5.1451e-02    6.29458    34.9980    35.0064    27.8651    1471.51    1482.03 0.0000e+00
      12195    506.000     3.0971     3.1000   3.197120   3.198014     2.4698      98.91     0.0149 5.1458e-02    6.30899    34.9927    35.0004    27.8703    1471.10    1482.00 0.0000e+00
      12213    507.000     3.0472     3.0529   3.192805   3.193903     2.4691      98.92     0.0146 5.1464e-02    6.31651    34.9935    35.0007    27.8757    1470.91    1481.98 0.0000e+00
      12232    508.000     3.0335     3.0409   3.191542   3.192861     2.4675      98.91     0.0153 5.1433e-02    6.30297    34.9924    35.0005    27.8761    1470.86    1481.96 0.0000e+00
      12255    509.000     3.0114     3.0165   3.189584   3.190698     2.4645      98.92     0.0187 5.1476e-02    6.29720    34.9919    35.0000    27.8777    1470.78    1481.94 0.0000e+00
      12281    510.000     2.9778     2.9804   3.186499   3.187408     2.4623      98.92     0.0183 5.1461e-02    6.30992    34.9901    34.9984    27.8794    1470.65    1481.92 0.0000e+00
      12306    511.000     2.8948     2.9002   3.179238   3.180311     2.4612      98.92     0.0177 5.1484e-02    6.32881    34.9908    34.9981    27.8876    1470.32    1481.89 0.0000e+00
      12326    512.000     2.8644     2.8685   3.176568   3.177539     2.4606      98.92     0.0160 5.1457e-02    6.32521    34.9906    34.9980    27.8902    1470.20    1481.87 0.0000e+00
      12345    513.000     2.7698     2.7750   3.167985   3.168996     2.4588      98.92     0.0165 5.1456e-02    6.32883    34.9875    34.9943    27.8963    1469.81    1481.85 0.0000e+00
      12366    514.000     2.7131     2.7178   3.162945   3.163933     2.4563      98.92     0.0168 5.1456e-02    6.31236    34.9867    34.9937    27.9007    1469.58    1481.82 0.0000e+00
      12391    515.000     2.7011     2.7066   3.161836   3.162923     2.4508      98.92     0.0198 5.1468e-02    6.29329    34.9856    34.9930    27.9009    1469.54    1481.80 0.0000e+00
      12414    516.000     2.6842     2.6881   3.160333   3.161252     2.4470      98.92     0.0167 5.1458e-02    6.30836    34.9850    34.9920    27.9019    1469.49    1481.77 0.0000e+00
      12435    517.000     2.6510     2.6574   3.157330   3.158504     2.4460      98.92     0.0156 5.1447e-02    6.33099    34.9836    34.9911    27.9037    1469.36    1481.75 0.0000e+00
      12455    518.000     2.6141     2.6186   3.154114   3.155104     2.4461      98.92     0.0158 5.1464e-02    6.34276    34.9836    34.9909    27.9070    1469.22    1481.73 0.0000e+00
