DigitalOcean/CTDs/sta0321.cnv
* Sea-Bird SBE 9 Data File:
* FileName = C:\Seabird\CTDData\sta0321.hex
* Software Version Seasave V 7.21f
* Temperature SN = 4385
* Conductivity SN = 2140
* Number of Bytes Per Scan = 34
* Number of Voltage Words = 3
* Number of Scans Averaged by the Deck Unit = 1
* NMEA Latitude = 67 07.93 N
* NMEA Longitude = 014 17.17 E
* NMEA UTC (Time) = Dec 01 2017 18:37:56
* NMEA baud rate = 4800
** Ship: 10 F/F "G. O. Sars"
** Station: 0321
** Echodepth: 387
** Log: 2486.7
** Wind-Dir Force: 22 24
** Air-temp (dry): 5.3
** Weather Sky: 2 6
** Sea Ice: 2 0
# nquan = 17                                
# nvalues = 371                         
# units = specified
# name 0 = scan: Scan Count
# name 1 = prDM: Pressure, Digiquartz [db]
# name 2 = t068C: Temperature [ITS-68, deg C]
# name 3 = t168C: Temperature, 2 [ITS-68, deg C]
# name 4 = c0S/m: Conductivity [S/m]
# name 5 = c1S/m: Conductivity, 2 [S/m]
# name 6 = sbeox0V: Oxygen raw, SBE 43 [V]
# name 7 = altM: Altimeter [m]
# name 8 = flC: Fluorescence, Chelsea Aqua 3 Chl Con [ug/l]
# name 9 = par: PAR/Irradiance, Biospherical/Licor
# name 10 = sbeox0ML/L: Oxygen, SBE 43 [ml/l], WS = 2
# name 11 = sal00: Salinity, Practical [PSU]
# name 12 = sal11: Salinity, Practical, 2 [PSU]
# name 13 = sigma-t00: Density [sigma-t, Kg/m^3 ]
# name 14 = svCM: Sound Velocity [Chen-Millero, m/s]
# name 15 = avgsvCM: Average Sound Velocity [Chen-Millero, m/s], minP = 1, minS = 5
# name 16 = flag: flag
# span 0 =       3014,      29473       
# span 1 =      5.000,    375.000       
# span 2 =     7.0589,     9.7502       
# span 3 =     7.0625,     9.7527       
# span 4 =   3.494628,   3.657496       
# span 5 =   3.495221,   3.658282       
# span 6 =     2.3254,     2.7211       
# span 7 =      16.24,      98.91       
# span 8 =     0.0224,     0.0439       
# span 9 = 5.1441e-02, 5.1495e-02       
# span 10 =    5.18992,    5.82077      
# span 11 =    32.7788,    34.5277      
# span 12 =    32.7829,    34.5326      
# span 13 =    25.3883,    27.0368      
# span 14 =    1480.83,    1488.70      
# span 15 =    1483.34,    1486.56      
# span 16 = 0.0000e+00, 0.0000e+00      
# interval = decibars: 1                
# start_time = Dec 01 2017 18:37:59 [System UTC, header]
# bad_flag = -9.990e-29
*END*
[from data line 256]
      21328    261.000     7.0639     7.0675   3.502627   3.503342     2.3970      45.26     0.0288 5.1475e-02    5.32207    34.5232    34.5274    27.0345    1482.59    1484.00 0.0000e+00
      21399    262.000     7.0640     7.0675   3.502702   3.503418     2.3972      67.21     0.0277 5.1450e-02    5.32380    34.5234    34.5278    27.0347    1482.60    1483.99 0.0000e+00
      21471    263.000     7.0640     7.0675   3.502771   3.503498     2.3953      68.85     0.0256 5.1474e-02    5.31330    34.5237    34.5282    27.0349    1482.62    1483.99 0.0000e+00
      21544    264.000     7.0641     7.0676   3.502834   3.503554     2.3943      81.49     0.0301 5.1468e-02    5.31243    34.5238    34.5282    27.0350    1482.64    1483.98 0.0000e+00
      21616    265.000     7.0641     7.0677   3.502890   3.503611     2.3941      65.37     0.0283 5.1465e-02    5.31822    34.5239    34.5282    27.0351    1482.65    1483.98 0.0000e+00
      21688    266.000     7.0643     7.0678   3.502954   3.503677     2.3931      92.58     0.0280 5.1460e-02    5.31070    34.5239    34.5284    27.0351    1482.67    1483.97 0.0000e+00
      21760    267.000     7.0643     7.0678   3.503019   3.503741     2.3934      73.82     0.0278 5.1473e-02    5.32098    34.5242    34.5286    27.0352    1482.69    1483.97 0.0000e+00
      21831    268.000     7.0644     7.0679   3.503092   3.503818     2.3942      78.38     0.0277 5.1473e-02    5.31318    34.5244    34.5288    27.0354    1482.71    1483.96 0.0000e+00
      21903    269.000     7.0645     7.0680   3.503152   3.503875     2.3926      72.16     0.0299 5.1464e-02    5.31505    34.5244    34.5289    27.0354    1482.72    1483.96 0.0000e+00
      21976    270.000     7.0646     7.0681   3.503217   3.503935     2.3932      68.48     0.0294 5.1478e-02    5.32140    34.5246    34.5289    27.0355    1482.74    1483.95 0.0000e+00
      22048    271.000     7.0647     7.0682   3.503274   3.503996     2.3935      47.63     0.0274 5.1480e-02    5.31306    34.5246    34.5290    27.0355    1482.76    1483.95 0.0000e+00
      22119    272.000     7.0648     7.0683   3.503324   3.504050     2.3921      35.08     0.0270 5.1476e-02    5.31488    34.5246    34.5290    27.0355    1482.77    1483.95 0.0000e+00
      22190    273.000     7.0649     7.0684   3.503373   3.504100     2.3929      65.15     0.0267 5.1466e-02    5.32020    34.5245    34.5290    27.0354    1482.79    1483.94 0.0000e+00
      22262    274.000     7.0650     7.0685   3.503433   3.504158     2.3913      75.31     0.0287 5.1474e-02    5.31114    34.5246    34.5290    27.0355    1482.81    1483.94 0.0000e+00
      22334    275.000     7.0651     7.0686   3.503487   3.504212     2.3906      65.73     0.0264 5.1462e-02    5.31514    34.5246    34.5290    27.0355    1482.82    1483.93 0.0000e+00
      22407    276.000     7.0651     7.0687   3.503547   3.504273     2.3930      66.00     0.0283 5.1468e-02    5.32245    34.5247    34.5291    27.0356    1482.84    1483.93 0.0000e+00
      22479    277.000     7.0652     7.0687   3.503599   3.504328     2.3916      45.77     0.0285 5.1456e-02    5.30955    34.5247    34.5292    27.0356    1482.86    1483.93 0.0000e+00
      22550    278.000     7.0653     7.0687   3.503654   3.504378     2.3892      53.83     0.0297 5.1479e-02    5.31465    34.5247    34.5293    27.0356    1482.87    1483.92 0.0000e+00
      22621    279.000     7.0654     7.0688   3.503707   3.504436     2.3917      53.60     0.0270 5.1470e-02    5.31690    34.5247    34.5293    27.0355    1482.89    1483.92 0.0000e+00
      22693    280.000     7.0654     7.0689   3.503759   3.504492     2.3895      45.82     0.0261 5.1470e-02    5.30715    34.5248    34.5293    27.0356    1482.91    1483.91 0.0000e+00
      22766    281.000     7.0655     7.0689   3.503819   3.504550     2.3865      44.01     0.0241 5.1478e-02    5.30230    34.5249    34.5295    27.0356    1482.92    1483.91 0.0000e+00
      22838    282.000     7.0655     7.0690   3.503871   3.504606     2.3848      41.70     0.0256 5.1456e-02    5.29685    34.5250    34.5295    27.0357    1482.94    1483.91 0.0000e+00
      22910    283.000     7.0656     7.0691   3.503931   3.504664     2.3832      69.33     0.0290 5.1483e-02    5.29100    34.5250    34.5296    27.0357    1482.96    1483.90 0.0000e+00
      22980    284.000     7.0657     7.0692   3.503986   3.504720     2.3796      62.48     0.0299 5.1471e-02    5.27988    34.5250    34.5296    27.0357    1482.97    1483.90 0.0000e+00
      23052    285.000     7.0658     7.0692   3.504052   3.504781     2.3778      72.91     0.0281 5.1463e-02    5.28445    34.5252    34.5298    27.0358    1482.99    1483.90 0.0000e+00
      23124    286.000     7.0658     7.0693   3.504110   3.504851     2.3785      79.31     0.0297 5.1474e-02    5.28421    34.5253    34.5299    27.0360    1483.01    1483.89 0.0000e+00
      23196    287.000     7.0659     7.0694   3.504170   3.504902     2.3772      71.13     0.0265 5.1476e-02    5.28099    34.5254    34.5299    27.0360    1483.03    1483.89 0.0000e+00
      23268    288.000     7.0660     7.0695   3.504224   3.504955     2.3773      90.88     0.0268 5.1462e-02    5.28023    34.5254    34.5299    27.0360    1483.04    1483.89 0.0000e+00
      23340    289.000     7.0661     7.0696   3.504282   3.505016     2.3758      69.91     0.0303 5.1473e-02    5.28317    34.5254    34.5300    27.0360    1483.06    1483.89 0.0000e+00
      23411    290.000     7.0661     7.0696   3.504339   3.505066     2.3764      85.23     0.0287 5.1468e-02    5.27801    34.5256    34.5300    27.0361    1483.08    1483.88 0.0000e+00
      23483    291.000     7.0662     7.0698   3.504384   3.505118     2.3760      81.26     0.0296 5.1468e-02    5.28578    34.5255    34.5299    27.0360    1483.09    1483.88 0.0000e+00
      23555    292.000     7.0663     7.0699   3.504445   3.505179     2.3769      70.97     0.0307 5.1468e-02    5.28806    34.5256    34.5300    27.0361    1483.11    1483.88 0.0000e+00
      23628    293.000     7.0664     7.0699   3.504500   3.505230     2.3756      62.28     0.0278 5.1470e-02    5.27336    34.5256    34.5301    27.0361    1483.13    1483.87 0.0000e+00
      23699    294.000     7.0665     7.0700   3.504560   3.505297     2.3736      60.02     0.0262 5.1469e-02    5.27669    34.5256    34.5302    27.0361    1483.14    1483.87 0.0000e+00
      23769    295.000     7.0666     7.0701   3.504615   3.505351     2.3744      67.81     0.0266 5.1459e-02    5.28175    34.5257    34.5302    27.0361    1483.16    1483.87 0.0000e+00
      23841    296.000     7.0666     7.0702   3.504668   3.505400     2.3744      86.96     0.0224 5.1456e-02    5.28030    34.5257    34.5302    27.0362    1483.18    1483.87 0.0000e+00
      23913    297.000     7.0667     7.0703   3.504722   3.505461     2.3736      68.58     0.0256 5.1460e-02    5.27498    34.5258    34.5303    27.0362    1483.19    1483.86 0.0000e+00
      23986    298.000     7.0668     7.0703   3.504775   3.505512     2.3729      87.06     0.0278 5.1474e-02    5.27869    34.5257    34.5303    27.0361    1483.21    1483.86 0.0000e+00
      24058    299.000     7.0669     7.0704   3.504830   3.505569     2.3725      75.74     0.0313 5.1471e-02    5.27227    34.5258    34.5304    27.0361    1483.23    1483.86 0.0000e+00
      24129    300.000     7.0671     7.0705   3.504884   3.505626     2.3701      75.58     0.0305 5.1470e-02    5.27341    34.5257    34.5304    27.0360    1483.24    1483.86 0.0000e+00
      24201    301.000     7.0671     7.0706   3.504939   3.505678     2.3730      89.15     0.0274 5.1466e-02    5.28882    34.5258    34.5304    27.0361    1483.26    1483.86 0.0000e+00
      24273    302.000     7.0672     7.0707   3.504995   3.505737     2.3732      80.35     0.0271 5.1458e-02    5.27166    34.5258    34.5304    27.0361    1483.28    1483.85 0.0000e+00
      24346    303.000     7.0673     7.0708   3.505050   3.505786     2.3691      77.28     0.0246 5.1468e-02    5.26337    34.5258    34.5304    27.0361    1483.29    1483.85 0.0000e+00
      24417    304.000     7.0674     7.0709   3.505106   3.505843     2.3692      73.60     0.0253 5.1460e-02    5.27931    34.5258    34.5304    27.0361    1483.31    1483.85 0.0000e+00
      24489    305.000     7.0675     7.0709   3.505164   3.505901     2.3717      88.07     0.0275 5.1455e-02    5.27723    34.5259    34.5306    27.0362    1483.33    1483.85 0.0000e+00
      24561    306.000     7.0676     7.0711   3.505223   3.505956     2.3705      80.15     0.0289 5.1480e-02    5.27350    34.5259    34.5305    27.0362    1483.34    1483.85 0.0000e+00
      24632    307.000     7.0677     7.0711   3.505274   3.506011     2.3684      75.42     0.0261 5.1452e-02    5.27061    34.5259    34.5306    27.0362    1483.36    1483.85 0.0000e+00
      24704    308.000     7.0678     7.0713   3.505329   3.506070     2.3703      94.62     0.0259 5.1472e-02    5.28015    34.5259    34.5306    27.0362    1483.38    1483.84 0.0000e+00
      24776    309.000     7.0679     7.0713   3.505379   3.506123     2.3726      80.08     0.0272 5.1463e-02    5.29050    34.5259    34.5306    27.0361    1483.40    1483.84 0.0000e+00
      24847    310.000     7.0680     7.0714   3.505441   3.506178     2.3700      74.79     0.0309 5.1457e-02    5.26591    34.5260    34.5307    27.0362    1483.41    1483.84 0.0000e+00
      24917    311.000     7.0681     7.0715   3.505496   3.506233     2.3684      88.90     0.0287 5.1467e-02    5.27448    34.5260    34.5307    27.0362    1483.43    1483.84 0.0000e+00
      24988    312.000     7.0682     7.0716   3.505545   3.506291     2.3672      81.66     0.0296 5.1475e-02    5.26658    34.5259    34.5307    27.0361    1483.45    1483.84 0.0000e+00
      25059    313.000     7.0682     7.0717   3.505606   3.506345     2.3668      76.68     0.0271 5.1457e-02    5.26901    34.5261    34.5307    27.0363    1483.46    1483.84 0.0000e+00
      25129    314.000     7.0683     7.0718   3.505658   3.506401     2.3685      86.78     0.0276 5.1471e-02    5.28664    34.5261    34.5308    27.0362    1483.48    1483.84 0.0000e+00
      25200    315.000     7.0684     7.0718   3.505709   3.506449     2.3695      82.05     0.0276 5.1461e-02    5.27480    34.5261    34.5308    27.0362    1483.50    1483.84 0.0000e+00
      25270    316.000     7.0685     7.0720   3.505764   3.506507     2.3691      71.19     0.0294 5.1458e-02    5.28086    34.5261    34.5307    27.0362    1483.51    1483.83 0.0000e+00
      25340    317.000     7.0686     7.0720   3.505821   3.506562     2.3682      87.22     0.0292 5.1463e-02    5.27460    34.5261    34.5309    27.0362    1483.53    1483.83 0.0000e+00
      25411    318.000     7.0687     7.0721   3.505874   3.506616     2.3688      78.57     0.0302 5.1469e-02    5.27939    34.5261    34.5309    27.0362    1483.55    1483.83 0.0000e+00
      25482    319.000     7.0687     7.0722   3.505928   3.506672     2.3653      73.87     0.0295 5.1469e-02    5.25817    34.5262    34.5309    27.0363    1483.56    1483.83 0.0000e+00
      25553    320.000     7.0688     7.0723   3.505986   3.506728     2.3629      80.26     0.0271 5.1472e-02    5.26352    34.5263    34.5309    27.0363    1483.58    1483.83 0.0000e+00
      25623    321.000     7.0689     7.0724   3.506039   3.506774     2.3646      83.14     0.0270 5.1469e-02    5.27332    34.5263    34.5308    27.0363    1483.60    1483.83 0.0000e+00
      25694    322.000     7.0690     7.0725   3.506092   3.506835     2.3638      81.10     0.0288 5.1485e-02    5.26311    34.5263    34.5309    27.0363    1483.61    1483.83 0.0000e+00
      25765    323.000     7.0691     7.0725   3.506150   3.506895     2.3624      72.22     0.0305 5.1453e-02    5.26578    34.5263    34.5311    27.0363    1483.63    1483.83 0.0000e+00
      25835    324.000     7.0692     7.0726   3.506209   3.506950     2.3631      87.23     0.0287 5.1476e-02    5.26296    34.5264    34.5311    27.0363    1483.65    1483.83 0.0000e+00
      25905    325.000     7.0693     7.0726   3.506265   3.507003     2.3608      78.69     0.0281 5.1471e-02    5.26460    34.5264    34.5312    27.0363    1483.66    1483.83 0.0000e+00
      25976    326.000     7.0694     7.0728   3.506315   3.507059     2.3644      74.45     0.0284 5.1473e-02    5.27464    34.5264    34.5311    27.0363    1483.68    1483.83 0.0000e+00
      26047    327.000     7.0695     7.0729   3.506377   3.507115     2.3627      92.59     0.0276 5.1453e-02    5.26229    34.5265    34.5311    27.0363    1483.70    1483.83 0.0000e+00
      26117    328.000     7.0696     7.0730   3.506424   3.507168     2.3630      81.04     0.0302 5.1463e-02    5.27280    34.5264    34.5311    27.0363    1483.72    1483.83 0.0000e+00
      26188    329.000     7.0697     7.0731   3.506475   3.507226     2.3609      54.51     0.0301 5.1482e-02    5.25509    34.5264    34.5312    27.0362    1483.73    1483.83 0.0000e+00
      26258    330.000     7.0698     7.0732   3.506531   3.507275     2.3582      62.81     0.0289 5.1467e-02    5.25082    34.5264    34.5311    27.0362    1483.75    1483.83 0.0000e+00
      26329    331.000     7.0698     7.0732   3.506582   3.507326     2.3556      52.99     0.0294 5.1472e-02    5.25264    34.5264    34.5312    27.0363    1483.77    1483.83 0.0000e+00
      26400    332.000     7.0700     7.0733   3.506635   3.507388     2.3584      76.29     0.0286 5.1476e-02    5.25909    34.5263    34.5313    27.0362    1483.78    1483.83 0.0000e+00
      26472    333.000     7.0700     7.0735   3.506687   3.507438     2.3564      88.70     0.0276 5.1461e-02    5.25322    34.5264    34.5312    27.0362    1483.80    1483.83 0.0000e+00
      26544    334.000     7.0701     7.0735   3.506746   3.507491     2.3576      81.20     0.0259 5.1482e-02    5.25826    34.5265    34.5312    27.0363    1483.82    1483.83 0.0000e+00
      26614    335.000     7.0702     7.0736   3.506804   3.507547     2.3590      70.20     0.0265 5.1470e-02    5.26893    34.5265    34.5313    27.0363    1483.83    1483.83 0.0000e+00
      26685    336.000     7.0703     7.0737   3.506856   3.507601     2.3599      83.43     0.0314 5.1477e-02    5.26557    34.5265    34.5313    27.0363    1483.85    1483.83 0.0000e+00
      26755    337.000     7.0704     7.0738   3.506911   3.507653     2.3582      75.96     0.0299 5.1474e-02    5.25140    34.5265    34.5313    27.0363    1483.87    1483.83 0.0000e+00
      26826    338.000     7.0705     7.0739   3.506961   3.507714     2.3549      64.90     0.0289 5.1480e-02    5.25381    34.5265    34.5313    27.0362    1483.88    1483.83 0.0000e+00
      26898    339.000     7.0706     7.0740   3.507019   3.507766     2.3565      52.00     0.0270 5.1466e-02    5.26114    34.5265    34.5313    27.0362    1483.90    1483.83 0.0000e+00
      26968    340.000     7.0707     7.0740   3.507073   3.507825     2.3577      68.74     0.0251 5.1479e-02    5.26354    34.5265    34.5315    27.0362    1483.92    1483.83 0.0000e+00
      27038    341.000     7.0707     7.0742   3.507138   3.507882     2.3596      77.92     0.0267 5.1447e-02    5.27405    34.5268    34.5314    27.0364    1483.93    1483.83 0.0000e+00
      27109    342.000     7.0708     7.0742   3.507194   3.507937     2.3582      74.07     0.0292 5.1467e-02    5.25474    34.5268    34.5315    27.0364    1483.95    1483.83 0.0000e+00
      27180    343.000     7.0709     7.0742   3.507245   3.507992     2.3553      77.40     0.0293 5.1473e-02    5.25936    34.5268    34.5317    27.0364    1483.97    1483.83 0.0000e+00
      27251    344.000     7.0710     7.0744   3.507295   3.508048     2.3545      63.82     0.0246 5.1472e-02    5.24544    34.5267    34.5316    27.0363    1483.98    1483.83 0.0000e+00
