DigitalOcean/CTDs/sta0322.cnv
* Sea-Bird SBE 9 Data File:
* FileName = C:\Seabird\CTDData\sta0322.hex
* Software Version Seasave V 7.21f
* Temperature SN = 4385
* Conductivity SN = 2140
* Number of Bytes Per Scan = 34
* Number of Voltage Words = 3
* Number of Scans Averaged by the Deck Unit = 1
* NMEA Latitude = 67 07.91 N
* NMEA Longitude = 014 17.13 E
* NMEA UTC (Time) = Dec 01 2017 21:24:26
* NMEA baud rate = 4800
** Ship: 10 F/F "G. O. Sars"
** Station: 0322
** Echodepth: 389
** Log: 2491.53
** Wind-Dir Force: 19 12
** Air-temp (dry): 4.0
** Weather Sky: 2 6
** Sea Ice: 2 0
# nquan = 17                                
# nvalues = 371                         
# units = specified
# name 0 = scan: Scan Count
# name 1 = prDM: Pressure, Digiquartz [db]
# name 2 = t068C: Temperature [ITS-68, deg C]
# name 3 = t168C: Temperature, 2 [ITS-68, deg C]
# name 4 = c0S/m: Conductivity [S/m]
# name 5 = c1S/m: Conductivity, 2 [S/m]
# name 6 = sbeox0V: Oxygen raw, SBE 43 [V]
# name 7 = altM: Altimeter [m]
# name 8 = flC: Fluorescence, Chelsea Aqua 3 Chl Con [ug/l]
# name 9 = par: PAR/Irradiance, Biospherical/Licor
# name 10 = sbeox0ML/L: Oxygen, SBE 43 [ml/l], WS = 2
# name 11 = sal00: Salinity, Practical [PSU]
# name 12 = sal11: Salinity, Practical, 2 [PSU]
# name 13 = sigma-t00: Density [sigma-t, Kg/m^3 ]
# name 14 = svCM: Sound Velocity [Chen-Millero, m/s]
# name 15 = avgsvCM: Average Sound Velocity [Chen-Millero, m/s], minP = 1, minS = 5
# name 16 = flag: flag
# span 0 =       1028,      27529       
# span 1 =      5.000,    375.000       
# span 2 =     7.0585,     9.7409       
# span 3 =     7.0623,     9.7444       
# span 4 =   3.451653,   3.658731       
# span 5 =   3.453967,   3.659536       
# span 6 =     2.3142,     2.7081       
# span 7 =      17.38,      98.92       
# span 8 =     0.0231,     0.0432       
# span 9 = 5.1444e-02, 5.1541e-02       
# span 10 =    5.15373,    5.81069      
# span 11 =    32.5363,    34.5276      
# span 12 =    32.5466,    34.5325      
# span 13 =    25.2370,    27.0369      
# span 14 =    1480.85,    1488.78      
# span 15 =    1482.10,    1486.33      
# span 16 = 0.0000e+00, 0.0000e+00      
# interval = decibars: 1                
# start_time = Dec 01 2017 21:24:29 [System UTC, header]
# bad_flag = -9.990e-29
*END*
[from data line 171]
      13209    176.000     7.0605     7.0644   3.496254   3.496877     2.4077      77.59     0.0303 5.1483e-02    5.29542    34.4985    34.5014    27.0155    1481.15    1484.83 0.0000e+00
      13280    177.000     7.0599     7.0637   3.496375   3.497004     2.4091      89.60     0.0313 5.1457e-02    5.30029    34.4999    34.5030    27.0167    1481.16    1484.81 0.0000e+00
      13350    178.000     7.0597     7.0636   3.496463   3.497088     2.4078      82.44     0.0280 5.1477e-02    5.29489    34.5006    34.5035    27.0173    1481.18    1484.79 0.0000e+00
      13421    179.000     7.0596     7.0634   3.496551   3.497179     2.4079      82.72     0.0281 5.1472e-02    5.29848    34.5011    34.5042    27.0178    1481.20    1484.77 0.0000e+00
      13492    180.000     7.0592     7.0630   3.496686   3.497323     2.4087      69.39     0.0295 5.1470e-02    5.30490    34.5025    34.5057    27.0189    1481.21    1484.75 0.0000e+00
      13563    181.000     7.0589     7.0627   3.496852   3.497477     2.4103      68.99     0.0281 5.1471e-02    5.30904    34.5042    34.5072    27.0202    1481.23    1484.73 0.0000e+00
      13634    182.000     7.0585     7.0623   3.497041   3.497669     2.4123      80.58     0.0267 5.1468e-02    5.31244    34.5061    34.5092    27.0219    1481.25    1484.71 0.0000e+00
      13704    183.000     7.0585     7.0623   3.497148   3.497785     2.4100      84.15     0.0290 5.1481e-02    5.30542    34.5068    34.5100    27.0224    1481.26    1484.69 0.0000e+00
      13775    184.000     7.0585     7.0623   3.497236   3.497875     2.4112      75.28     0.0299 5.1477e-02    5.31249    34.5073    34.5105    27.0228    1481.28    1484.67 0.0000e+00
      13846    185.000     7.0586     7.0624   3.497308   3.497946     2.4094      93.00     0.0328 5.1477e-02    5.30123    34.5075    34.5107    27.0229    1481.30    1484.65 0.0000e+00
      13916    186.000     7.0586     7.0624   3.497383   3.498029     2.4091      83.49     0.0285 5.1457e-02    5.30891    34.5078    34.5111    27.0232    1481.31    1484.63 0.0000e+00
      13987    187.000     7.0586     7.0624   3.497496   3.498147     2.4111      81.61     0.0294 5.1479e-02    5.31647    34.5086    34.5119    27.0238    1481.33    1484.62 0.0000e+00
      14058    188.000     7.0585     7.0624   3.497613   3.498261     2.4123      98.89     0.0263 5.1478e-02    5.31587    34.5095    34.5127    27.0245    1481.35    1484.60 0.0000e+00
      14128    189.000     7.0586     7.0624   3.497667   3.498318     2.4123      82.54     0.0295 5.1466e-02    5.31998    34.5095    34.5128    27.0245    1481.37    1484.58 0.0000e+00
      14199    190.000     7.0587     7.0625   3.497738   3.498394     2.4128      72.20     0.0272 5.1474e-02    5.31731    34.5096    34.5130    27.0246    1481.38    1484.57 0.0000e+00
      14269    191.000     7.0588     7.0626   3.497811   3.498465     2.4117      85.57     0.0284 5.1477e-02    5.31662    34.5099    34.5132    27.0247    1481.40    1484.55 0.0000e+00
      14339    192.000     7.0589     7.0626   3.497877   3.498535     2.4121      94.26     0.0283 5.1469e-02    5.31742    34.5100    34.5135    27.0248    1481.42    1484.53 0.0000e+00
      14410    193.000     7.0590     7.0628   3.497944   3.498608     2.4111      86.34     0.0295 5.1475e-02    5.31869    34.5101    34.5136    27.0249    1481.43    1484.52 0.0000e+00
      14480    194.000     7.0590     7.0628   3.498017   3.498670     2.4124      89.52     0.0273 5.1464e-02    5.31987    34.5104    34.5138    27.0252    1481.45    1484.50 0.0000e+00
      14551    195.000     7.0591     7.0629   3.498095   3.498750     2.4110      73.66     0.0268 5.1476e-02    5.31478    34.5107    34.5141    27.0254    1481.47    1484.48 0.0000e+00
      14621    196.000     7.0591     7.0630   3.498158   3.498812     2.4111      81.01     0.0264 5.1478e-02    5.31857    34.5109    34.5142    27.0255    1481.48    1484.47 0.0000e+00
      14692    197.000     7.0592     7.0631   3.498216   3.498875     2.4114      77.90     0.0270 5.1476e-02    5.31883    34.5109    34.5143    27.0255    1481.50    1484.45 0.0000e+00
      14763    198.000     7.0593     7.0631   3.498280   3.498941     2.4097      88.39     0.0292 5.1483e-02    5.31487    34.5111    34.5145    27.0256    1481.52    1484.44 0.0000e+00
      14834    199.000     7.0594     7.0632   3.498347   3.499006     2.4089      87.37     0.0303 5.1475e-02    5.31153    34.5112    34.5146    27.0257    1481.54    1484.42 0.0000e+00
      14905    200.000     7.0595     7.0633   3.498414   3.499077     2.4096      86.06     0.0317 5.1478e-02    5.32134    34.5113    34.5148    27.0258    1481.55    1484.41 0.0000e+00
      14978    201.000     7.0595     7.0634   3.498476   3.499142     2.4100      67.09     0.0289 5.1471e-02    5.31289    34.5115    34.5149    27.0260    1481.57    1484.40 0.0000e+00
      15049    202.000     7.0596     7.0634   3.498540   3.499219     2.4076      92.01     0.0298 5.1462e-02    5.31364    34.5116    34.5153    27.0260    1481.59    1484.38 0.0000e+00
      15120    203.000     7.0597     7.0635   3.498617   3.499291     2.4092      86.05     0.0315 5.1467e-02    5.31728    34.5119    34.5155    27.0262    1481.60    1484.37 0.0000e+00
      15192    204.000     7.0597     7.0635   3.498689   3.499364     2.4086      81.25     0.0262 5.1466e-02    5.31929    34.5122    34.5158    27.0265    1481.62    1484.36 0.0000e+00
      15263    205.000     7.0598     7.0636   3.498766   3.499448     2.4089      53.99     0.0270 5.1479e-02    5.31278    34.5124    34.5161    27.0266    1481.64    1484.34 0.0000e+00
      15337    206.000     7.0599     7.0637   3.498894   3.499568     2.4070      78.46     0.0255 5.1464e-02    5.31428    34.5133    34.5168    27.0273    1481.66    1484.33 0.0000e+00
      15408    207.000     7.0599     7.0637   3.498984   3.499663     2.4086      67.70     0.0276 5.1461e-02    5.32125    34.5137    34.5174    27.0277    1481.67    1484.32 0.0000e+00
      15480    208.000     7.0600     7.0638   3.499047   3.499729     2.4100      83.61     0.0254 5.1472e-02    5.32491    34.5138    34.5175    27.0277    1481.69    1484.30 0.0000e+00
      15552    209.000     7.0600     7.0638   3.499131   3.499807     2.4091      83.46     0.0274 5.1477e-02    5.32155    34.5143    34.5179    27.0281    1481.71    1484.29 0.0000e+00
      15624    210.000     7.0601     7.0639   3.499226   3.499894     2.4093      74.43     0.0276 5.1466e-02    5.32159    34.5147    34.5183    27.0284    1481.72    1484.28 0.0000e+00
      15697    211.000     7.0601     7.0639   3.499305   3.499982     2.4098      61.26     0.0246 5.1476e-02    5.32532    34.5151    34.5187    27.0287    1481.74    1484.27 0.0000e+00
      15770    212.000     7.0602     7.0640   3.499379   3.500058     2.4080      94.72     0.0249 5.1472e-02    5.31425    34.5153    34.5190    27.0289    1481.76    1484.25 0.0000e+00
      15841    213.000     7.0602     7.0640   3.499446   3.500132     2.4068      75.63     0.0272 5.1454e-02    5.31741    34.5156    34.5193    27.0290    1481.77    1484.24 0.0000e+00
      15914    214.000     7.0603     7.0641   3.499534   3.500215     2.4071      88.72     0.0287 5.1485e-02    5.32070    34.5159    34.5196    27.0293    1481.79    1484.23 0.0000e+00
      15986    215.000     7.0603     7.0641   3.499623   3.500309     2.4074      63.06     0.0283 5.1472e-02    5.32053    34.5164    34.5201    27.0297    1481.81    1484.22 0.0000e+00
      16059    216.000     7.0604     7.0642   3.499692   3.500380     2.4073      61.58     0.0310 5.1481e-02    5.31693    34.5166    34.5203    27.0298    1481.83    1484.21 0.0000e+00
      16133    217.000     7.0604     7.0642   3.499775   3.500465     2.4051      78.80     0.0276 5.1479e-02    5.31296    34.5170    34.5208    27.0302    1481.84    1484.20 0.0000e+00
      16206    218.000     7.0604     7.0642   3.499882   3.500575     2.4052      90.15     0.0272 5.1474e-02    5.32094    34.5177    34.5215    27.0307    1481.86    1484.19 0.0000e+00
      16279    219.000     7.0605     7.0643   3.499957   3.500651     2.4073      84.63     0.0264 5.1473e-02    5.32295    34.5179    34.5217    27.0309    1481.88    1484.18 0.0000e+00
      16350    220.000     7.0606     7.0644   3.500048   3.500738     2.4058      73.67     0.0275 5.1473e-02    5.31790    34.5183    34.5221    27.0312    1481.89    1484.17 0.0000e+00
      16422    221.000     7.0607     7.0644   3.500122   3.500813     2.4044      76.05     0.0287 5.1470e-02    5.30946    34.5185    34.5224    27.0313    1481.91    1484.16 0.0000e+00
      16495    222.000     7.0607     7.0645   3.500212   3.500907     2.4036      88.48     0.0292 5.1464e-02    5.31547    34.5190    34.5229    27.0317    1481.93    1484.15 0.0000e+00
      16566    223.000     7.0608     7.0646   3.500295   3.500992     2.4029      86.48     0.0282 5.1476e-02    5.31346    34.5194    34.5232    27.0320    1481.95    1484.14 0.0000e+00
      16640    224.000     7.0609     7.0646   3.500382   3.501079     2.4042      77.86     0.0273 5.1457e-02    5.31979    34.5197    34.5237    27.0322    1481.96    1484.13 0.0000e+00
      16714    225.000     7.0610     7.0647   3.500456   3.501149     2.4038      89.65     0.0265 5.1478e-02    5.31472    34.5199    34.5238    27.0324    1481.98    1484.12 0.0000e+00
      16787    226.000     7.0610     7.0648   3.500520   3.501221     2.4031      71.09     0.0295 5.1474e-02    5.31471    34.5202    34.5240    27.0326    1482.00    1484.11 0.0000e+00
      16861    227.000     7.0612     7.0649   3.500580   3.501274     2.4035      80.96     0.0310 5.1471e-02    5.32145    34.5201    34.5240    27.0325    1482.01    1484.10 0.0000e+00
      16934    228.000     7.0612     7.0650   3.500632   3.501331     2.4054      68.03     0.0299 5.1471e-02    5.32237    34.5202    34.5241    27.0326    1482.03    1484.09 0.0000e+00
      17009    229.000     7.0613     7.0651   3.500685   3.501382     2.4046      85.14     0.0281 5.1474e-02    5.32441    34.5202    34.5240    27.0325    1482.05    1484.08 0.0000e+00
      17084    230.000     7.0614     7.0651   3.500757   3.501459     2.4053      79.51     0.0294 5.1477e-02    5.32284    34.5204    34.5244    27.0327    1482.06    1484.07 0.0000e+00
      17157    231.000     7.0615     7.0652   3.500849   3.501551     2.4044      74.01     0.0250 5.1466e-02    5.32131    34.5208    34.5248    27.0330    1482.08    1484.06 0.0000e+00
      17230    232.000     7.0615     7.0652   3.500899   3.501603     2.4047      96.00     0.0265 5.1469e-02    5.32400    34.5209    34.5249    27.0330    1482.10    1484.05 0.0000e+00
      17303    233.000     7.0616     7.0654   3.500955   3.501664     2.4032      77.06     0.0259 5.1470e-02    5.32038    34.5209    34.5249    27.0330    1482.12    1484.05 0.0000e+00
      17375    234.000     7.0617     7.0655   3.501019   3.501721     2.4039      82.76     0.0261 5.1483e-02    5.32313    34.5210    34.5249    27.0331    1482.13    1484.04 0.0000e+00
      17450    235.000     7.0618     7.0656   3.501069   3.501780     2.4037      74.07     0.0282 5.1471e-02    5.32242    34.5210    34.5250    27.0331    1482.15    1484.03 0.0000e+00
      17523    236.000     7.0619     7.0656   3.501128   3.501834     2.4023      76.66     0.0286 5.1476e-02    5.31592    34.5210    34.5251    27.0331    1482.17    1484.02 0.0000e+00
      17596    237.000     7.0620     7.0657   3.501189   3.501900     2.4018      97.07     0.0284 5.1474e-02    5.31796    34.5211    34.5252    27.0332    1482.18    1484.01 0.0000e+00
      17668    238.000     7.0620     7.0658   3.501268   3.501967     2.4011      75.61     0.0271 5.1470e-02    5.32082    34.5215    34.5253    27.0334    1482.20    1484.01 0.0000e+00
      17741    239.000     7.0621     7.0658   3.501331   3.502034     2.4018      80.67     0.0277 5.1466e-02    5.31835    34.5216    34.5256    27.0335    1482.22    1484.00 0.0000e+00
      17814    240.000     7.0621     7.0658   3.501403   3.502104     2.4013      66.03     0.0295 5.1464e-02    5.32022    34.5219    34.5259    27.0337    1482.23    1483.99 0.0000e+00
      17886    241.000     7.0622     7.0659   3.501465   3.502171     2.4019      83.43     0.0275 5.1472e-02    5.32664    34.5220    34.5260    27.0338    1482.25    1483.98 0.0000e+00
      17957    242.000     7.0623     7.0660   3.501540   3.502248     2.4033      78.33     0.0291 5.1466e-02    5.32766    34.5222    34.5263    27.0340    1482.27    1483.98 0.0000e+00
      18029    243.000     7.0623     7.0660   3.501608   3.502314     2.4012      90.46     0.0289 5.1474e-02    5.31410    34.5224    34.5265    27.0342    1482.28    1483.97 0.0000e+00
      18101    244.000     7.0624     7.0661   3.501675   3.502384     2.3994      85.18     0.0332 5.1485e-02    5.31604    34.5226    34.5267    27.0343    1482.30    1483.96 0.0000e+00
      18173    245.000     7.0624     7.0662   3.501747   3.502456     2.3997      78.38     0.0282 5.1466e-02    5.32067    34.5229    34.5269    27.0345    1482.32    1483.96 0.0000e+00
      18245    246.000     7.0625     7.0662   3.501820   3.502527     2.3980      74.13     0.0282 5.1469e-02    5.30819    34.5231    34.5272    27.0347    1482.34    1483.95 0.0000e+00
      18316    247.000     7.0626     7.0662   3.501884   3.502602     2.3967      78.95     0.0302 5.1455e-02    5.30652    34.5232    34.5275    27.0347    1482.35    1483.94 0.0000e+00
      18387    248.000     7.0626     7.0663   3.501946   3.502662     2.3946      86.39     0.0274 5.1470e-02    5.30559    34.5234    34.5276    27.0349    1482.37    1483.94 0.0000e+00
      18459    249.000     7.0627     7.0664   3.502000   3.502722     2.3962      82.96     0.0259 5.1460e-02    5.31604    34.5234    34.5276    27.0349    1482.39    1483.93 0.0000e+00
      18531    250.000     7.0628     7.0665   3.502057   3.502772     2.3968      73.26     0.0280 5.1469e-02    5.31333    34.5234    34.5276    27.0349    1482.40    1483.93 0.0000e+00
      18603    251.000     7.0629     7.0666   3.502106   3.502826     2.3956      80.90     0.0300 5.1466e-02    5.30645    34.5234    34.5276    27.0348    1482.42    1483.92 0.0000e+00
      18674    252.000     7.0630     7.0667   3.502168   3.502887     2.3936      93.00     0.0301 5.1461e-02    5.29986    34.5235    34.5277    27.0349    1482.44    1483.91 0.0000e+00
      18746    253.000     7.0631     7.0667   3.502228   3.502946     2.3918      76.42     0.0274 5.1458e-02    5.30547    34.5235    34.5278    27.0349    1482.45    1483.91 0.0000e+00
      18818    254.000     7.0631     7.0668   3.502300   3.503013     2.3944      89.67     0.0265 5.1464e-02    5.31272    34.5238    34.5280    27.0352    1482.47    1483.90 0.0000e+00
      18890    255.000     7.0633     7.0669   3.502362   3.503080     2.3949      73.26     0.0268 5.1462e-02    5.31096    34.5238    34.5281    27.0351    1482.49    1483.90 0.0000e+00
      18962    256.000     7.0633     7.0670   3.502430   3.503145     2.3942      85.24     0.0254 5.1470e-02    5.30770    34.5241    34.5282    27.0353    1482.50    1483.89 0.0000e+00
      19034    257.000     7.0634     7.0670   3.502486   3.503201     2.3932      75.21     0.0265 5.1466e-02    5.30895    34.5241    34.5283    27.0353    1482.52    1483.89 0.0000e+00
      19106    258.000     7.0635     7.0671   3.502545   3.503264     2.3934      89.07     0.0257 5.1468e-02    5.30794    34.5242    34.5284    27.0354    1482.54    1483.88 0.0000e+00
      19178    259.000     7.0635     7.0672   3.502603   3.503323     2.3914      81.94     0.0285 5.1474e-02    5.30381    34.5243    34.5285    27.0355    1482.55    1483.88 0.0000e+00
