DigitalOcean/CTDs/sta0320.cnv
* Sea-Bird SBE 9 Data File:
* FileName = C:\Seabird\CTDData\sta0320.hex
* Software Version Seasave V 7.21f
* Temperature SN = 4385
* Conductivity SN = 2140
* Number of Bytes Per Scan = 34
* Number of Voltage Words = 3
* Number of Scans Averaged by the Deck Unit = 1
* NMEA Latitude = 67 07.93 N
* NMEA Longitude = 014 17.17 E
* NMEA UTC (Time) = Dec 01 2017 17:40:26
* NMEA baud rate = 4800
** Ship: 10 F/F "G. O. Sars"
** Station: 0320
** Echodepth: 387
** Log: 2486.7
** Wind-Dir Force: 21 30
** Air-temp (dry): 5.4
** Weather Sky: 2 6
** Sea Ice: 2 0
# nquan = 17                                
# nvalues = 371                         
# units = specified
# name 0 = scan: Scan Count
# name 1 = prDM: Pressure, Digiquartz [db]
# name 2 = t068C: Temperature [ITS-68, deg C]
# name 3 = t168C: Temperature, 2 [ITS-68, deg C]
# name 4 = c0S/m: Conductivity [S/m]
# name 5 = c1S/m: Conductivity, 2 [S/m]
# name 6 = sbeox0V: Oxygen raw, SBE 43 [V]
# name 7 = altM: Altimeter [m]
# name 8 = flC: Fluorescence, Chelsea Aqua 3 Chl Con [ug/l]
# name 9 = par: PAR/Irradiance, Biospherical/Licor
# name 10 = sbeox0ML/L: Oxygen, SBE 43 [ml/l], WS = 2
# name 11 = sal00: Salinity, Practical [PSU]
# name 12 = sal11: Salinity, Practical, 2 [PSU]
# name 13 = sigma-t00: Density [sigma-t, Kg/m^3 ]
# name 14 = svCM: Sound Velocity [Chen-Millero, m/s]
# name 15 = avgsvCM: Average Sound Velocity [Chen-Millero, m/s], minP = 1, minS = 5
# name 16 = flag: flag
# span 0 =        395,      26944       
# span 1 =      5.000,    375.000       
# span 2 =     7.0590,     9.7821       
# span 3 =     7.0627,     9.7858       
# span 4 =   3.482807,   3.658265       
# span 5 =   3.483730,   3.658995       
# span 6 =     2.3009,     2.7166       
# span 7 =      15.36,      98.63       
# span 8 =     0.0215,     0.0417       
# span 9 = 5.1440e-02, 5.1485e-02       
# span 10 =    5.11791,    5.82155      
# span 11 =    32.7307,    34.5282      
# span 12 =    32.7337,    34.5328      
# span 13 =    25.3674,    27.0373      
# span 14 =    1480.92,    1488.62      
# span 15 =    1482.87,    1486.54      
# span 16 = 0.0000e+00, 0.0000e+00      
# interval = decibars: 1                
# start_time = Dec 01 2017 17:40:28 [System UTC, header]
# bad_flag = -9.990e-29
*END*
[from data line 341]
      24804    346.000     7.0711     7.0744   3.507439   3.508167     2.3485      62.46     0.0268 5.1473e-02    5.24109    34.5272    34.5319    27.0367    1484.02    1483.84 0.0000e+00
      24875    347.000     7.0712     7.0745   3.507493   3.508215     2.3490      70.03     0.0298 5.1475e-02    5.23963    34.5272    34.5319    27.0367    1484.04    1483.84 0.0000e+00
      24946    348.000     7.0713     7.0746   3.507548   3.508270     2.3463      43.18     0.0291 5.1461e-02    5.22910    34.5273    34.5319    27.0367    1484.05    1483.84 0.0000e+00
      25016    349.000     7.0714     7.0747   3.507603   3.508324     2.3463      55.60     0.0289 5.1464e-02    5.23715    34.5273    34.5319    27.0367    1484.07    1483.84 0.0000e+00
      25086    350.000     7.0714     7.0748   3.507662   3.508379     2.3478      70.31     0.0307 5.1465e-02    5.24197    34.5274    34.5319    27.0368    1484.09    1483.85 0.0000e+00
      25157    351.000     7.0715     7.0749   3.507716   3.508435     2.3453      38.79     0.0281 5.1471e-02    5.22877    34.5274    34.5319    27.0368    1484.10    1483.85 0.0000e+00
      25229    352.000     7.0715     7.0749   3.507771   3.508498     2.3448      49.01     0.0295 5.1482e-02    5.22996    34.5276    34.5321    27.0369    1484.12    1483.85 0.0000e+00
      25300    353.000     7.0716     7.0750   3.507828   3.508550     2.3439      48.50     0.0271 5.1457e-02    5.22952    34.5276    34.5321    27.0369    1484.14    1483.85 0.0000e+00
      25370    354.000     7.0717     7.0750   3.507885   3.508606     2.3421      46.93     0.0261 5.1457e-02    5.22218    34.5276    34.5322    27.0370    1484.15    1483.85 0.0000e+00
      25440    355.000     7.0717     7.0751   3.507936   3.508652     2.3409      35.68     0.0250 5.1455e-02    5.22399    34.5277    34.5321    27.0370    1484.17    1483.85 0.0000e+00
      25511    356.000     7.0718     7.0752   3.507988   3.508708     2.3404      44.27     0.0291 5.1485e-02    5.22023    34.5277    34.5322    27.0370    1484.19    1483.85 0.0000e+00
      25582    357.000     7.0719     7.0752   3.508037   3.508756     2.3374      33.61     0.0295 5.1481e-02    5.20283    34.5276    34.5322    27.0369    1484.20    1483.85 0.0000e+00
      25653    358.000     7.0720     7.0753   3.508089   3.508812     2.3334      32.62     0.0242 5.1467e-02    5.20016    34.5276    34.5322    27.0369    1484.22    1483.85 0.0000e+00
      25724    359.000     7.0720     7.0754   3.508140   3.508865     2.3320      31.63     0.0273 5.1453e-02    5.19681    34.5277    34.5322    27.0370    1484.24    1483.85 0.0000e+00
      25794    360.000     7.0722     7.0755   3.508196   3.508919     2.3307      30.78     0.0273 5.1481e-02    5.19833    34.5276    34.5322    27.0369    1484.25    1483.85 0.0000e+00
      25864    361.000     7.0723     7.0756   3.508246   3.508969     2.3315      29.77     0.0307 5.1464e-02    5.19904    34.5276    34.5322    27.0368    1484.27    1483.86 0.0000e+00
      25934    362.000     7.0723     7.0757   3.508302   3.509027     2.3307      28.43     0.0305 5.1477e-02    5.20002    34.5277    34.5323    27.0369    1484.29    1483.86 0.0000e+00
      26005    363.000     7.0724     7.0757   3.508363   3.509085     2.3307      27.46     0.0266 5.1442e-02    5.20152    34.5278    34.5324    27.0370    1484.30    1483.86 0.0000e+00
      26076    364.000     7.0724     7.0758   3.508419   3.509149     2.3312      26.57     0.0269 5.1464e-02    5.19834    34.5279    34.5325    27.0371    1484.32    1483.86 0.0000e+00
      26147    365.000     7.0725     7.0758   3.508471   3.509193     2.3305      25.62     0.0289 5.1485e-02    5.19934    34.5279    34.5325    27.0371    1484.34    1483.86 0.0000e+00
      26217    366.000     7.0725     7.0758   3.508527   3.509246     2.3276      24.62     0.0299 5.1462e-02    5.18302    34.5280    34.5326    27.0372    1484.35    1483.86 0.0000e+00
      26287    367.000     7.0725     7.0758   3.508573   3.509295     2.3245      23.49     0.0305 5.1461e-02    5.18095    34.5280    34.5327    27.0372    1484.37    1483.86 0.0000e+00
      26358    368.000     7.0725     7.0758   3.508625   3.509348     2.3211      22.53     0.0310 5.1482e-02    5.15762    34.5281    34.5328    27.0372    1484.39    1483.86 0.0000e+00
      26428    369.000     7.0725     7.0758   3.508675   3.509396     2.3123      21.56     0.0307 5.1477e-02    5.13206    34.5282    34.5328    27.0373    1484.40    1483.87 0.0000e+00
      26499    370.000     7.0726     7.0759   3.508730   3.509448     2.3062      20.64     0.0325 5.1479e-02    5.12542    34.5282    34.5328    27.0373    1484.42    1483.87 0.0000e+00
      26569    371.000     7.0727     7.0760   3.508785   3.509507     2.3061      19.55     0.0319 5.1464e-02    5.13342    34.5282    34.5328    27.0373    1484.44    1483.87 0.0000e+00
      26640    372.000     7.0728     7.0761   3.508832   3.509557     2.3028      18.64     0.0322 5.1477e-02    5.11791    34.5282    34.5328    27.0372    1484.45    1483.87 0.0000e+00
      26712    373.000     7.0729     7.0762   3.508890   3.509613     2.3009      17.55     0.0339 5.1470e-02    5.11841    34.5282    34.5328    27.0372    1484.47    1483.87 0.0000e+00
      26783    374.000     7.0730     7.0763   3.508946   3.509667     2.3024      16.27     0.0308 5.1459e-02    5.13252    34.5282    34.5328    27.0372    1484.49    1483.87 0.0000e+00
      26944    375.000     7.0732     7.0765   3.509003   3.509718     2.3036      15.36     0.0303 5.1466e-02    5.12719    34.5282    34.5327    27.0372    1484.50    1483.88 0.0000e+00
