DigitalOcean/CTDs/sta0320.cnv
* Sea-Bird SBE 9 Data File:
* FileName = C:\Seabird\CTDData\sta0320.hex
* Software Version Seasave V 7.21f
* Temperature SN = 4385
* Conductivity SN = 2140
* Number of Bytes Per Scan = 34
* Number of Voltage Words = 3
* Number of Scans Averaged by the Deck Unit = 1
* NMEA Latitude = 67 07.93 N
* NMEA Longitude = 014 17.17 E
* NMEA UTC (Time) = Dec 01 2017 17:40:26
* NMEA baud rate = 4800
** Ship: 10 F/F "G. O. Sars"
** Station: 0320
** Echodepth: 387
** Log: 2486.7
** Wind-Dir Force: 21 30
** Air-temp (dry): 5.4
** Weather Sky: 2 6
** Sea Ice: 2 0
# nquan = 17                                
# nvalues = 371                         
# units = specified
# name 0 = scan: Scan Count
# name 1 = prDM: Pressure, Digiquartz [db]
# name 2 = t068C: Temperature [ITS-68, deg C]
# name 3 = t168C: Temperature, 2 [ITS-68, deg C]
# name 4 = c0S/m: Conductivity [S/m]
# name 5 = c1S/m: Conductivity, 2 [S/m]
# name 6 = sbeox0V: Oxygen raw, SBE 43 [V]
# name 7 = altM: Altimeter [m]
# name 8 = flC: Fluorescence, Chelsea Aqua 3 Chl Con [ug/l]
# name 9 = par: PAR/Irradiance, Biospherical/Licor
# name 10 = sbeox0ML/L: Oxygen, SBE 43 [ml/l], WS = 2
# name 11 = sal00: Salinity, Practical [PSU]
# name 12 = sal11: Salinity, Practical, 2 [PSU]
# name 13 = sigma-t00: Density [sigma-t, Kg/m^3 ]
# name 14 = svCM: Sound Velocity [Chen-Millero, m/s]
# name 15 = avgsvCM: Average Sound Velocity [Chen-Millero, m/s], minP = 1, minS = 5
# name 16 = flag: flag
# span 0 =        395,      26944       
# span 1 =      5.000,    375.000       
# span 2 =     7.0590,     9.7821       
# span 3 =     7.0627,     9.7858       
# span 4 =   3.482807,   3.658265       
# span 5 =   3.483730,   3.658995       
# span 6 =     2.3009,     2.7166       
# span 7 =      15.36,      98.63       
# span 8 =     0.0215,     0.0417       
# span 9 = 5.1440e-02, 5.1485e-02       
# span 10 =    5.11791,    5.82155      
# span 11 =    32.7307,    34.5282      
# span 12 =    32.7337,    34.5328      
# span 13 =    25.3674,    27.0373      
# span 14 =    1480.92,    1488.62      
# span 15 =    1482.87,    1486.54      
# span 16 = 0.0000e+00, 0.0000e+00      
# interval = decibars: 1                
# start_time = Dec 01 2017 17:40:28 [System UTC, header]
# bad_flag = -9.990e-29
*END*
[from data line 171]
      12625    176.000     7.0627     7.0666   3.495948   3.496524     2.4084      48.17     0.0273 5.1455e-02    5.29780    34.4929    34.4953    27.0108    1481.15    1485.05 0.0000e+00
      12695    177.000     7.0611     7.0651   3.496170   3.496744     2.4093      49.14     0.0259 5.1461e-02    5.30343    34.4964    34.4987    27.0139    1481.16    1485.03 0.0000e+00
      12766    178.000     7.0606     7.0645   3.496273   3.496858     2.4110      66.25     0.0251 5.1451e-02    5.30848    34.4976    34.5001    27.0148    1481.18    1485.01 0.0000e+00
      12837    179.000     7.0605     7.0644   3.496336   3.496927     2.4115      41.68     0.0249 5.1471e-02    5.31354    34.4979    34.5005    27.0151    1481.19    1484.99 0.0000e+00
      12907    180.000     7.0604     7.0643   3.496406   3.496995     2.4142      44.18     0.0266 5.1464e-02    5.31997    34.4983    34.5008    27.0154    1481.21    1484.96 0.0000e+00
      12977    181.000     7.0603     7.0642   3.496487   3.497081     2.4133      34.62     0.0290 5.1480e-02    5.30916    34.4988    34.5014    27.0158    1481.23    1484.94 0.0000e+00
      13047    182.000     7.0602     7.0641   3.496578   3.497179     2.4130      75.46     0.0301 5.1461e-02    5.31359    34.4994    34.5020    27.0163    1481.24    1484.92 0.0000e+00
      13118    183.000     7.0601     7.0639   3.496690   3.497284     2.4118      80.86     0.0275 5.1457e-02    5.31329    34.5002    34.5029    27.0170    1481.26    1484.90 0.0000e+00
      13189    184.000     7.0601     7.0639   3.496783   3.497378     2.4130      68.85     0.0236 5.1477e-02    5.31344    34.5007    34.5034    27.0174    1481.28    1484.88 0.0000e+00
      13260    185.000     7.0598     7.0637   3.496918   3.497511     2.4116      84.28     0.0274 5.1461e-02    5.31216    34.5020    34.5046    27.0184    1481.30    1484.86 0.0000e+00
      13331    186.000     7.0593     7.0631   3.497125   3.497731     2.4105      78.51     0.0280 5.1471e-02    5.30764    34.5043    34.5071    27.0203    1481.31    1484.85 0.0000e+00
      13401    187.000     7.0590     7.0629   3.497318   3.497921     2.4124      71.46     0.0233 5.1459e-02    5.32447    34.5062    34.5089    27.0218    1481.33    1484.83 0.0000e+00
      13472    188.000     7.0590     7.0629   3.497417   3.498024     2.4139      75.22     0.0256 5.1455e-02    5.31825    34.5068    34.5096    27.0223    1481.35    1484.81 0.0000e+00
      13543    189.000     7.0591     7.0630   3.497514   3.498116     2.4123      89.60     0.0273 5.1471e-02    5.31662    34.5073    34.5100    27.0227    1481.37    1484.79 0.0000e+00
      13613    190.000     7.0591     7.0630   3.497620   3.498224     2.4135      87.64     0.0277 5.1471e-02    5.32459    34.5079    34.5107    27.0232    1481.38    1484.77 0.0000e+00
      13683    191.000     7.0590     7.0627   3.497760   3.498376     2.4151      68.06     0.0237 5.1475e-02    5.32952    34.5091    34.5122    27.0241    1481.40    1484.75 0.0000e+00
      13754    192.000     7.0590     7.0628   3.497859   3.498468     2.4150      69.69     0.0287 5.1454e-02    5.32336    34.5097    34.5126    27.0246    1481.42    1484.74 0.0000e+00
      13826    193.000     7.0590     7.0629   3.497941   3.498560     2.4142      80.94     0.0266 5.1462e-02    5.32795    34.5101    34.5130    27.0249    1481.43    1484.72 0.0000e+00
      13896    194.000     7.0591     7.0629   3.498020   3.498635     2.4167      50.10     0.0221 5.1460e-02    5.33441    34.5104    34.5133    27.0251    1481.45    1484.70 0.0000e+00
      13968    195.000     7.0591     7.0630   3.498088   3.498703     2.4146      40.75     0.0264 5.1466e-02    5.32475    34.5106    34.5135    27.0253    1481.47    1484.69 0.0000e+00
      14038    196.000     7.0592     7.0630   3.498185   3.498811     2.4156      32.15     0.0279 5.1466e-02    5.33083    34.5111    34.5142    27.0257    1481.49    1484.67 0.0000e+00
      14108    197.000     7.0592     7.0631   3.498250   3.498879     2.4128      65.64     0.0301 5.1476e-02    5.31814    34.5113    34.5143    27.0258    1481.50    1484.65 0.0000e+00
      14180    198.000     7.0593     7.0631   3.498332   3.498952     2.4113      65.20     0.0288 5.1461e-02    5.31598    34.5116    34.5146    27.0261    1481.52    1484.64 0.0000e+00
      14251    199.000     7.0593     7.0631   3.498414   3.499036     2.4109      54.64     0.0267 5.1460e-02    5.32274    34.5120    34.5151    27.0264    1481.54    1484.62 0.0000e+00
      14323    200.000     7.0593     7.0632   3.498526   3.499138     2.4114      52.42     0.0283 5.1453e-02    5.32089    34.5128    34.5156    27.0270    1481.55    1484.61 0.0000e+00
      14394    201.000     7.0593     7.0631   3.498677   3.499306     2.4116      36.12     0.0316 5.1472e-02    5.32566    34.5139    34.5170    27.0279    1481.57    1484.59 0.0000e+00
      14464    202.000     7.0594     7.0632   3.498749   3.499374     2.4124      62.82     0.0279 5.1466e-02    5.32866    34.5141    34.5172    27.0280    1481.59    1484.58 0.0000e+00
      14537    203.000     7.0595     7.0633   3.498806   3.499430     2.4133      76.37     0.0281 5.1472e-02    5.32662    34.5142    34.5172    27.0280    1481.61    1484.56 0.0000e+00
      14609    204.000     7.0596     7.0634   3.498863   3.499494     2.4111      65.24     0.0290 5.1453e-02    5.31969    34.5142    34.5173    27.0281    1481.62    1484.55 0.0000e+00
      14681    205.000     7.0596     7.0635   3.498938   3.499572     2.4122      84.97     0.0297 5.1461e-02    5.33722    34.5145    34.5176    27.0283    1481.64    1484.53 0.0000e+00
      14753    206.000     7.0597     7.0636   3.499006   3.499641     2.4152      69.31     0.0264 5.1467e-02    5.33443    34.5147    34.5177    27.0284    1481.66    1484.52 0.0000e+00
      14824    207.000     7.0598     7.0636   3.499102   3.499749     2.4133      83.10     0.0258 5.1478e-02    5.32780    34.5151    34.5184    27.0288    1481.67    1484.51 0.0000e+00
      14895    208.000     7.0599     7.0636   3.499219   3.499859     2.4099      52.61     0.0264 5.1462e-02    5.31551    34.5158    34.5192    27.0293    1481.69    1484.49 0.0000e+00
      14968    209.000     7.0599     7.0636   3.499327   3.499958     2.4087      43.18     0.0269 5.1464e-02    5.32076    34.5165    34.5197    27.0298    1481.71    1484.48 0.0000e+00
      15039    210.000     7.0601     7.0638   3.499394   3.500033     2.4093      35.73     0.0279 5.1460e-02    5.32340    34.5166    34.5199    27.0299    1481.73    1484.47 0.0000e+00
      15112    211.000     7.0601     7.0638   3.499458   3.500093     2.4112      64.69     0.0268 5.1452e-02    5.33707    34.5168    34.5200    27.0300    1481.74    1484.45 0.0000e+00
      15183    212.000     7.0601     7.0639   3.499523   3.500158     2.4131      89.73     0.0251 5.1469e-02    5.33547    34.5170    34.5202    27.0302    1481.76    1484.44 0.0000e+00
      15255    213.000     7.0602     7.0639   3.499586   3.500224     2.4120      79.80     0.0215 5.1474e-02    5.32850    34.5171    34.5204    27.0303    1481.78    1484.43 0.0000e+00
      15328    214.000     7.0602     7.0640   3.499641   3.500278     2.4113      88.86     0.0239 5.1464e-02    5.32831    34.5172    34.5204    27.0303    1481.79    1484.41 0.0000e+00
      15400    215.000     7.0603     7.0642   3.499686   3.500326     2.4090      73.47     0.0261 5.1464e-02    5.32114    34.5171    34.5202    27.0303    1481.81    1484.40 0.0000e+00
      15474    216.000     7.0604     7.0642   3.499754   3.500396     2.4082      44.25     0.0265 5.1449e-02    5.32300    34.5173    34.5205    27.0304    1481.83    1484.39 0.0000e+00
      15549    217.000     7.0605     7.0643   3.499815   3.500463     2.4087      31.12     0.0270 5.1458e-02    5.32629    34.5173    34.5207    27.0304    1481.84    1484.38 0.0000e+00
      15622    218.000     7.0606     7.0644   3.499886   3.500534     2.4083      64.47     0.0255 5.1470e-02    5.32443    34.5175    34.5208    27.0305    1481.86    1484.37 0.0000e+00
      15697    219.000     7.0607     7.0644   3.499949   3.500601     2.4070      77.72     0.0269 5.1449e-02    5.31690    34.5176    34.5211    27.0306    1481.88    1484.36 0.0000e+00
      15771    220.000     7.0608     7.0645   3.500012   3.500666     2.4072      53.39     0.0242 5.1461e-02    5.32815    34.5177    34.5212    27.0307    1481.89    1484.34 0.0000e+00
      15845    221.000     7.0608     7.0646   3.500076   3.500732     2.4070      39.94     0.0227 5.1464e-02    5.31704    34.5179    34.5213    27.0308    1481.91    1484.33 0.0000e+00
      15918    222.000     7.0609     7.0647   3.500153   3.500804     2.4069      75.39     0.0266 5.1448e-02    5.33207    34.5182    34.5215    27.0310    1481.93    1484.32 0.0000e+00
      15990    223.000     7.0610     7.0647   3.500248   3.500898     2.4089      77.34     0.0277 5.1466e-02    5.33095    34.5186    34.5221    27.0314    1481.95    1484.31 0.0000e+00
      16063    224.000     7.0611     7.0648   3.500309   3.500964     2.4077      44.37     0.0288 5.1446e-02    5.32292    34.5187    34.5222    27.0314    1481.96    1484.30 0.0000e+00
      16136    225.000     7.0611     7.0649   3.500371   3.501024     2.4071      49.80     0.0238 5.1448e-02    5.32484    34.5189    34.5223    27.0316    1481.98    1484.29 0.0000e+00
      16209    226.000     7.0612     7.0650   3.500420   3.501076     2.4055      36.84     0.0272 5.1459e-02    5.31914    34.5189    34.5223    27.0315    1482.00    1484.28 0.0000e+00
      16284    227.000     7.0613     7.0650   3.500481   3.501135     2.4060      48.59     0.0270 5.1483e-02    5.32810    34.5189    34.5224    27.0316    1482.01    1484.27 0.0000e+00
      16356    228.000     7.0614     7.0652   3.500539   3.501197     2.4040      48.42     0.0248 5.1465e-02    5.31242    34.5190    34.5224    27.0316    1482.03    1484.26 0.0000e+00
      16428    229.000     7.0615     7.0652   3.500612   3.501263     2.4041      57.79     0.0238 5.1474e-02    5.32285    34.5192    34.5226    27.0317    1482.05    1484.25 0.0000e+00
      16501    230.000     7.0616     7.0653   3.500663   3.501323     2.4033      73.81     0.0296 5.1444e-02    5.31292    34.5192    34.5227    27.0317    1482.06    1484.24 0.0000e+00
      16572    231.000     7.0617     7.0654   3.500715   3.501379     2.4042      80.10     0.0310 5.1472e-02    5.33280    34.5191    34.5227    27.0317    1482.08    1484.23 0.0000e+00
      16645    232.000     7.0618     7.0655   3.500772   3.501440     2.4053      76.23     0.0272 5.1446e-02    5.32226    34.5192    34.5228    27.0317    1482.10    1484.22 0.0000e+00
      16717    233.000     7.0619     7.0656   3.500830   3.501494     2.4052      86.32     0.0286 5.1467e-02    5.32700    34.5192    34.5228    27.0317    1482.11    1484.21 0.0000e+00
      16790    234.000     7.0619     7.0656   3.500914   3.501576     2.4053      66.83     0.0268 5.1465e-02    5.32797    34.5197    34.5232    27.0320    1482.13    1484.21 0.0000e+00
      16864    235.000     7.0620     7.0657   3.500978   3.501651     2.4049      95.02     0.0308 5.1449e-02    5.32471    34.5198    34.5234    27.0321    1482.15    1484.20 0.0000e+00
      16936    236.000     7.0621     7.0657   3.501056   3.501729     2.4045      74.94     0.0294 5.1454e-02    5.32976    34.5200    34.5238    27.0323    1482.17    1484.19 0.0000e+00
      17009    237.000     7.0622     7.0658   3.501121   3.501790     2.4036      77.50     0.0292 5.1458e-02    5.31380    34.5201    34.5239    27.0324    1482.18    1484.18 0.0000e+00
      17082    238.000     7.0623     7.0660   3.501181   3.501855     2.4023      80.00     0.0295 5.1464e-02    5.32900    34.5202    34.5239    27.0324    1482.20    1484.17 0.0000e+00
      17155    239.000     7.0624     7.0660   3.501245   3.501916     2.4037      82.25     0.0271 5.1468e-02    5.32375    34.5203    34.5241    27.0325    1482.22    1484.16 0.0000e+00
      17229    240.000     7.0625     7.0661   3.501313   3.501982     2.4020      37.04     0.0280 5.1461e-02    5.31744    34.5205    34.5242    27.0326    1482.23    1484.16 0.0000e+00
      17302    241.000     7.0625     7.0661   3.501389   3.502061     2.4033      51.89     0.0256 5.1457e-02    5.33442    34.5208    34.5246    27.0329    1482.25    1484.15 0.0000e+00
      17374    242.000     7.0626     7.0662   3.501454   3.502129     2.4056      79.96     0.0273 5.1470e-02    5.33692    34.5209    34.5247    27.0330    1482.27    1484.14 0.0000e+00
      17445    243.000     7.0627     7.0663   3.501520   3.502190     2.4065      77.05     0.0274 5.1473e-02    5.33369    34.5211    34.5248    27.0330    1482.28    1484.13 0.0000e+00
      17517    244.000     7.0626     7.0663   3.501613   3.502291     2.4032      62.30     0.0272 5.1474e-02    5.32126    34.5217    34.5254    27.0336    1482.30    1484.12 0.0000e+00
      17589    245.000     7.0626     7.0663   3.501705   3.502387     2.4032      23.75     0.0294 5.1464e-02    5.33048    34.5222    34.5260    27.0340    1482.32    1484.12 0.0000e+00
      17661    246.000     7.0627     7.0664   3.501787   3.502463     2.4031      66.31     0.0276 5.1479e-02    5.32889    34.5225    34.5262    27.0342    1482.34    1484.11 0.0000e+00
      17733    247.000     7.0627     7.0664   3.501856   3.502537     2.4013      64.01     0.0277 5.1474e-02    5.32125    34.5228    34.5266    27.0344    1482.35    1484.10 0.0000e+00
      17805    248.000     7.0628     7.0664   3.501945   3.502631     2.4024      76.17     0.0242 5.1469e-02    5.32681    34.5232    34.5271    27.0347    1482.37    1484.10 0.0000e+00
      17877    249.000     7.0629     7.0665   3.502006   3.502695     2.3995      38.39     0.0250 5.1480e-02    5.31678    34.5233    34.5272    27.0347    1482.39    1484.09 0.0000e+00
      17949    250.000     7.0629     7.0665   3.502072   3.502751     2.3984      60.17     0.0294 5.1456e-02    5.31776    34.5235    34.5273    27.0349    1482.40    1484.08 0.0000e+00
      18020    251.000     7.0630     7.0665   3.502127   3.502807     2.3998      74.28     0.0305 5.1456e-02    5.32994    34.5235    34.5275    27.0349    1482.42    1484.08 0.0000e+00
      18092    252.000     7.0631     7.0667   3.502180   3.502862     2.4010      59.66     0.0287 5.1468e-02    5.31914    34.5235    34.5274    27.0349    1482.44    1484.07 0.0000e+00
      18165    253.000     7.0632     7.0668   3.502231   3.502921     2.3975      38.11     0.0257 5.1468e-02    5.31755    34.5235    34.5274    27.0349    1482.45    1484.06 0.0000e+00
      18236    254.000     7.0633     7.0669   3.502303   3.502980     2.3973      40.91     0.0276 5.1453e-02    5.31501    34.5237    34.5275    27.0350    1482.47    1484.06 0.0000e+00
      18307    255.000     7.0634     7.0670   3.502360   3.503035     2.3968      76.15     0.0302 5.1468e-02    5.32164    34.5237    34.5275    27.0350    1482.49    1484.05 0.0000e+00
      18379    256.000     7.0635     7.0671   3.502420   3.503106     2.3998      89.65     0.0284 5.1446e-02    5.32695    34.5238    34.5277    27.0351    1482.50    1484.04 0.0000e+00
      18451    257.000     7.0636     7.0672   3.502480   3.503163     2.3978      95.23     0.0261 5.1474e-02    5.31915    34.5238    34.5277    27.0351    1482.52    1484.04 0.0000e+00
      18524    258.000     7.0637     7.0673   3.502539   3.503227     2.3972      75.34     0.0257 5.1466e-02    5.32031    34.5239    34.5278    27.0351    1482.54    1484.03 0.0000e+00
      18596    259.000     7.0638     7.0674   3.502614   3.503297     2.3977      76.70     0.0249 5.1442e-02    5.32504    34.5241    34.5280    27.0353    1482.56    1484.03 0.0000e+00
